201000
201001
201002
201003
201004
201005
201006
201007
201008
201009
201010
201011
201012
201013
201014
201015
201016
201017
201018
201019
201020
201021
201022
201023
201024
201025
201026
201027
201028
201029
201030
201031
201032
201033
201034
201035
201036
201037
201038
201039
201040
201041
201042
201043
201044
201045
201046
201047
201048
201049
201050
201051
201052
201053
201054
201055
201056
201057
201058
201059
201060
201061
201062
201063
201064
201065
201066
201067
201068
201069
201070
201071
201072
201073
201074
201075
201076
201077
201078
201079
201080
201081
201082
201083
201084
201085
201086
201087
201088
201089
201090
201091
201092
201093
201094
201095
201096
201097
201098
201099
201100
201101
201102
201103
201104
201105
201106
201107
201108
201109
201110
201111
201112
201113
201114
201115
201116
201117
201118
201119
201120
201121
201122
201123
201124
201125
201126
201127
201128
201129
201130
201131
201132
201133
201134
201135
201136
201137
201138
201139
201140
201141
201142
201143
201144
201145
201146
201147
201148
201149
201150
201151
201152
201153
201154
201155
201156
201157
201158
201159
201160
201161
201162
201163
201164
201165
201166
201167
201168
201169
201170
201171
201172
201173
201174
201175
201176
201177
201178
201179
201180
201181
201182
201183
201184
201185
201186
201187
201188
201189
201190
201191
201192
201193
201194
201195
201196
201197
201198
201199
201211
201311
201411
201511
201550
201609
201611
201700
201711
201717
201811
201908
201911
201950
201958
201959
202000
202001
202002
202003
202004
202005
202006
202007
202008
202009
202010
202011
202012
202013
202014
202015
202016
202017
202018
202019
202020
202021
202022
202023
202024
202025
202026
202027
202028
202029
202030
202031
202032
202033
202034
202035
202036
202037
202038
202039
202040
202041
202042
202043
202044
202045
202046
202047
202048
202049
202050
202051
202052
202053
202054
202055
202056
202057
202058
202059
202060
202061
202062
202063
202064
202065
202066
202067
202068
202069
202070
202071
202072
202073
202074
202075
202076
202077
202078
202079
202080
202081
202082
202083
202084
202085
202086
202087
202088
202089
202090
202091
202092
202093
202094
202095
202096
202097
202098
202099
202100
202101
202102
202103
202104
202105
202106
202107
202108
202109
202110
202111
202112
202113
202114
202115
202116
202117
202118
202119
202120
202121
202122
202123
202124
202125
202126
202127
202128
202129
202130
202131
202132
202133
202134
202135
202136
202137
202138
202139
202140
202141
202142
202143
202144
202145
202146
202147
202148
202149
202150
202151
202152
202153
202154
202155
202156
202157
202158
202159
202160
202161
202162
202163
202164
202165
202166
202167
202168
202169
202170
202171
202172
202173
202174
202175
202176
202177
202178
202179
202180
202181
202182
202183
202184
202185
202186
202187
202188
202189
202190
202191
202192
202193
202194
202195
202196
202197
202198
202199
202202
202211
202240
202311
202411
202511
202571
202611
202700
202703
202711
202771
202811
202911
202936
202950
202958
202959
202970
202983
202984
202985
202987
202988
202989
202990
202992
202993
202995
