2018436427
2018436428
2018436429
2018436430
2018436431
2018436432
2018436433
2018436434
2018436435
2018436436
2018436437
2018436438
2018436439
2018436440
2018436441
2018436442
2018436443
2018436444
2018436445
2018436446
2018436447
2018436448
2018436449
2018436450
2018436451
2018436452
2018436453
2018436454
2018436455
2018436456
2018436457
2018436458
2018436459
2018436460
2018436461
2018436462
2018436463
2018436464
2018436465
2018436466
2018436467
2018436468
2018436469
2018436470
2018436471
2018436472
2018436473
2018436474
2018436475
2018436476
2018436477
2018436478
2018436479
2018436480
2018436481
2018436482
2018436483
2018436484
2018436485
2018436486
2018436487
2018436488
2018436489
2018436490
2018436491
2018436492
2018436493
2018436494
2018436495
2018436496
2018436497
2018436498
2018436499
2018446427
2018446428
2018446429
2018446430
2018446431
2018446432
2018446433
