220
223
224
225
226
227
228
229
231
234
236
239
240
242
246
248
249
250
251
252
253
254
256
260
262
263
264
267
268
269
270
272
274
276
278
279
281
283
284
289
301
302
303
304
305
306
307
308
309
310
311
312
313
314
315
316
317
318
319
320
321
323
325
326
327
330
331
332
334
336
337
339
340
341
343
345
346
347
351
352
354
360
361
364
365
367
368
369
380
382
385
386
387
401
402
403
404
405
406
407
408
409
410
411
412
413
414
415
416
417
418
419
423
424
425
428
430
431
432
434
435
437
438
440
441
442
443
445
447
448
450
455
456
458
463
464
468
469
470
473
474
475
478
479
480
484
500
501
502
503
504
505
506
507
508
509
510
511
512
513
514
515
516
517
518
519
520
521
522
523
524
525
526
527
528
529
530
531
532
533
534
535
538
539
540
541
542
543
544
545
546
547
548
549
550
551
552
553
554
555
556
557
558
559
561
562
563
564
566
567
569
570
571
572
573
574
575
577
578
579
580
581
582
584
585
586
587
588
589
600
601
602
603
604
605
606
607
608
609
610
611
612
613
614
615
616
617
618
619
620
622
623
626
627
628
629
630
631
633
636
639
640
641
644
646
647
649
650
651
655
656
657
658
659
660
661
662
664
667
669
670
671
672
677
678
679
680
681
682
683
684
688
689
700
701
702
703
704
705
706
707
708
709
710
711
712
713
714
715
716
717
718
719
720
721
724
725
726
727
730
731
732
734
737
740
742
743
747
753
754
757
758
760
762
763
764
765
767
769
770
771
772
773
774
775
778
779
780
781
782
784
785
786
787
800
801
802
803
804
805
806
807
808
809
810
811
812
813
814
815
816
817
818
819
820
825
826
828
829
830
831
832
833
835
838
839
840
843
844
845
847
848
849
850
854
855
856
857
858
859
860
862
863
864
865
866
867
868
869
870
872
873
876
877
878
879
888
900
901
902
903
904
905
906
907
908
909
910
911
912
913
914
915
916
917
918
919
920
925
927
928
929
930
931
932
934
935
936
937
938
939
940
941
943
945
947
948
949
950
951
952
954
956
959
970
971
972
973
975
978
979
980
984
985
986
988
989