2010000000
2010000001
2010000002
2010000003
2010000004
2010000005
2010000006
2010000007
2010000008
2010000009
2010000010
2010000011
2010000012
2010000013
2010000014
2010000015
2010000016
2010000017
2010000018
2010000019
2010000020
2010000021
2010000022
2010000023
2010000024
2010000025
2010000026
2010000027
2010000028
2010000029
2010000030
2010000031
2010000032
2010000033
2010000034
2010000035
2010000036
2010000037
2010000038
2010000039
2010000040
2010000041
2010000042
2010000043
2010000044
2010000045
2010000046
2010000047
2010000048
2010000049
2010000050
2010000051
2010000052
2010000053
2010000054
2010000055
2010000056
2010000057
2010000058
2010000059
2010000060
2010000061
2010000062
2010000063
2010000064
2010000065
2010000066
2010000067
2010000068
2010000069
2010000070
2010000071
2010000072
2010000073
2010000074
2010000075
2010000076
2010000077
2010000078
2010000079
2010000080
2010000081
2010000082
2010000083
2010000084
2010000085
2010000086
2010000087
2010000088
2010000089
2010000090
2010000091
2010000092
2010000093
2010000094
2010000095
2010000096
2010000097
2010000098
2010000099
2010000100
2010000101
2010000102
2010000103
2010000104
2010000105
2010000106
2010000107
2010000108
2010000109
2010000110
2010000111
2010000112
2010000113
2010000114
2010000115
2010000116
2010000117
2010000118
2010000119
2010000120
2010000121
2010000122
2010000123
2010000124
2010000125
2010000126
2010000127
2010000128
2010000129
2010000130
2010000131
2010000132
2010000133
2010000134
2010000135
2010000136
2010000137
2010000138
2010000139
2010000140
2010000141
2010000142
2010000143
2010000144
2010000145
2010000146
2010000147
2010000148
2010000149
2010000150
2010000151
2010000152
2010000153
2010000154
2010000155
2010000156
2010000157
2010000158
2010000159
2010000160
2010000161
2010000162
2010000163
2010000164
2010000165
2010000166
2010000167
2010000168
2010000169
2010000170
2010000171
2010000172
2010000173
2010000174
2010000175
2010000176
2010000177
2010000178
2010000179
2010000180
2010000181
2010000182
2010000183
2010000184
2010000185
2010000186
2010000187
2010000188
2010000189
2010000190
2010000191
2010000192
2010000193
2010000194
2010000195
2010000196
2010000197
2010000198
2010000199
2010000200
2010000201
2010000202
2010000203
2010000204
2010000205
2010000206
2010000207
2010000208
2010000209
2010000210
2010000211
2010000212
2010000213
2010000214
2010000215
2010000216
2010000217
2010000218
2010000219
2010000220
2010000221
2010000222
2010000223
2010000224
2010000225
2010000226
2010000227
2010000228
2010000229
2010000230
2010000231
2010000232
2010000233
2010000234
2010000235
2010000236
2010000237
2010000238
2010000239
2010000240
2010000241
2010000242
2010000243
2010000244
2010000245
2010000246
2010000247
2010000248
2010000249
2010000250
2010000251
2010000252
2010000253
2010000254
2010000255
2010000256
2010000257
2010000258
2010000259
2010000260
2010000261
2010000262
2010000263
2010000264
2010000265
2010000266
2010000267
2010000268
2010000269
2010000270
2010000271
2010000272
2010000273
2010000274
2010000275
2010000276
2010000277
2010000278
2010000279
2010000280
2010000281
2010000282
2010000283
2010000284
2010000285
2010000286
2010000287
2010000288
2010000289
2010000290
2010000291
2010000292
2010000293
2010000294
2010000295
2010000296
2010000297
2010000298
2010000299
2010000300
2010000301
2010000302
2010000303
2010000304
2010000305
2010000306
2010000307
2010000308
2010000309
2010000310
2010000311
2010000312
2010000313
2010000314
2010000315
2010000316
2010000317
2010000318
2010000319
2010000320
2010000321
2010000322
2010000323
2010000324
2010000325
2010000326
2010000327
2010000328
2010000329
2010000330
2010000331
2010000332
2010000333
2010000334
2010000335
2010000336
2010000337
2010000338
2010000339
2010000340
2010000341
2010000342
2010000343
2010000344
2010000345
2010000346
2010000347
2010000348
2010000349
2010000350
2010000351
2010000352
2010000353
2010000354
2010000355
2010000356
2010000357
2010000358
2010000359
2010000360
2010000361
2010000362
2010000363
2010000364
2010000365
2010000366
2010000367
2010000368
2010000369
2010000370
2010000371
2010000372
2010000373
2010000374
2010000375
2010000376
2010000377
2010000378
2010000379
2010000380
2010000381
2010000382
2010000383
2010000384
2010000385
2010000386
2010000387
2010000388
2010000389
2010000390
2010000391
2010000392
2010000393
2010000394
2010000395
2010000396
2010000397
2010000398
2010000399
2010000400
2010000401
2010000402
2010000403
2010000404
2010000405
2010000406
2010000407
2010000408
2010000409
2010000410
2010000411
2010000412
2010000413
2010000414
2010000415
2010000416
2010000417
2010000418
2010000419
2010000420
2010000421
2010000422
2010000423
2010000424
2010000425
2010000426
2010000427
2010000428
2010000429
2010000430
2010000431
2010000432
2010000433
2010000434
2010000435
2010000436
2010000437
2010000438
2010000439
2010000440
2010000441
2010000442
2010000443
2010000444
2010000445
2010000446
2010000447
2010000448
2010000449
2010000450
2010000451
2010000452
2010000453
2010000454
2010000455
2010000456
2010000457
2010000458
2010000459
2010000460
2010000461
2010000462
2010000463
2010000464
2010000465
2010000466
2010000467
2010000468
2010000469
2010000470
2010000471
2010000472
2010000473
2010000474
2010000475
2010000476
2010000477
2010000478
2010000479
2010000480
2010000481
2010000482
2010000483
2010000484
2010000485
2010000486
2010000487
2010000488
2010000489
2010000490
2010000491
2010000492
2010000493
2010000494
2010000495
2010000496
2010000497
2010000498
2010000499
2010000500
2010000501
2010000502
2010000503
2010000504
2010000505
2010000506
2010000507
2010000508
2010000509
2010000510
2010000511
2010000512
2010000513
2010000514
2010000515
2010000516
2010000517
2010000518
2010000519
2010000520
2010000521
2010000522
2010000523
2010000524
2010000525
2010000526
2010000527
2010000528
2010000529
2010000530
2010000531
2010000532
2010000533
2010000534
2010000535
2010000536
2010000537
2010000538
2010000539
2010000540
2010000541
2010000542
2010000543
2010000544
2010000545
2010000546
2010000547
2010000548
2010000549
2010000550
2010000551
2010000552
2010000553
2010000554
2010000555
2010000556
2010000557
2010000558
2010000559
2010000560
2010000561
2010000562
2010000563
2010000564
2010000565
2010000566
2010000567
2010000568
2010000569
2010000570
2010000571
2010000572
2010000573
2010000574
2010000575
2010000576
2010000577
2010000578
2010000579
2010000580
2010000581
2010000582
2010000583
2010000584
2010000585
2010000586
2010000587
2010000588
2010000589
2010000590
2010000591
2010000592
2010000593
2010000594
2010000595
2010000596
2010000597
2010000598
2010000599
2010000600
2010000601
2010000602
2010000603
2010000604
2010000605
2010000606
2010000607
2010000608
2010000609
2010000610
2010000611
2010000612
2010000613
2010000614
2010000615
2010000616
2010000617
2010000618
2010000619
2010000620
2010000621
2010000622
2010000623
2010000624
2010000625
2010000626
2010000627
2010000628
2010000629
2010000630
2010000631
2010000632
2010000633
2010000634
2010000635
2010000636
2010000637
2010000638
2010000639
2010000640
2010000641
2010000642
2010000643
2010000644
2010000645
2010000646
2010000647
2010000648
2010000649
2010000650
2010000651
2010000652
2010000653
2010000654
2010000655
2010000656
2010000657
2010000658
2010000659
2010000660
2010000661
2010000662
2010000663
2010000664
2010000665
2010000666
2010000667
2010000668
2010000669
2010000670
2010000671
2010000672
2010000673
2010000674
2010000675
2010000676
2010000677
2010000678
2010000679
2010000680
2010000681
2010000682
2010000683
2010000684
2010000685
2010000686
2010000687
2010000688
2010000689
2010000690
2010000691
2010000692
2010000693
2010000694
2010000695
2010000696
2010000697
2010000698
2010000699
2010000700
2010000701
2010000702
2010000703
2010000704
2010000705
2010000706
2010000707
2010000708
2010000709
2010000710
2010000711
2010000712
2010000713
2010000714
2010000715
2010000716
2010000717
2010000718
2010000719
2010000720
2010000721
2010000722
2010000723
2010000724
2010000725
2010000726
2010000727
2010000728
2010000729
2010000730
2010000731
2010000732
2010000733
2010000734
2010000735
2010000736
2010000737
2010000738
2010000739
2010000740
2010000741
2010000742
2010000743
2010000744
2010000745
2010000746
2010000747
2010000748
2010000749
2010000750
2010000751
2010000752
2010000753
2010000754
2010000755
2010000756
2010000757
2010000758
2010000759
2010000760
2010000761
2010000762
2010000763
2010000764
2010000765
2010000766
2010000767
2010000768
2010000769
2010000770
2010000771
2010000772
2010000773
2010000774
2010000775
2010000776
2010000777
2010000778
2010000779
2010000780
2010000781
2010000782
2010000783
2010000784
2010000785
2010000786
2010000787
2010000788
2010000789
2010000790
2010000791
2010000792
2010000793
2010000794
2010000795
2010000796
2010000797
2010000798
2010000799
2010000800
2010000801
2010000802
2010000803
2010000804
2010000805
2010000806
2010000807
2010000808
2010000809
2010000810
2010000811
2010000812
2010000813
2010000814
2010000815
2010000816
2010000817
2010000818
2010000819
2010000820
2010000821
2010000822
2010000823
2010000824
2010000825
2010000826
2010000827
2010000828
2010000829
2010000830
2010000831
2010000832
2010000833
2010000834
2010000835
2010000836
2010000837
2010000838
2010000839
2010000840
2010000841
2010000842
2010000843
2010000844
2010000845
2010000846
2010000847
2010000848
2010000849
2010000850
2010000851
2010000852
2010000853
2010000854
2010000855
2010000856
2010000857
2010000858
2010000859
2010000860
2010000861
2010000862
2010000863
2010000864
2010000865
2010000866
2010000867
2010000868
2010000869
2010000870
2010000871
2010000872
2010000873
2010000874
2010000875
2010000876
2010000877
2010000878
2010000879
2010000880
2010000881
2010000882
2010000883
2010000884
2010000885
2010000886
2010000887
2010000888
2010000889
2010000890
2010000891
2010000892
2010000893
2010000894
2010000895
2010000896
2010000897
2010000898
2010000899
2010000900
2010000901
2010000902
2010000903
2010000904
2010000905
2010000906
2010000907
2010000908
2010000909
2010000910
2010000911
2010000912
2010000913
2010000914
2010000915
2010000916
2010000917
2010000918
2010000919
2010000920
2010000921
2010000922
2010000923
2010000924
2010000925
2010000926
2010000927
2010000928
2010000929
2010000930
2010000931
2010000932
2010000933
2010000934
2010000935
2010000936
2010000937
2010000938
2010000939
2010000940
2010000941
2010000942
2010000943
2010000944
2010000945
2010000946
2010000947
2010000948
2010000949
2010000950
2010000951
2010000952
2010000953
2010000954
2010000955
2010000956
2010000957
2010000958
2010000959
2010000960
2010000961
2010000962
2010000963
2010000964
2010000965
2010000966
2010000967
2010000968
2010000969
2010000970
2010000971
2010000972
2010000973
2010000974
2010000975
2010000976
2010000977
2010000978
2010000979
2010000980
2010000981
2010000982
2010000983
2010000984
2010000985
2010000986
2010000987
2010000988
2010000989
2010000990
2010000991
2010000992
2010000993
2010000994
2010000995
2010000996
2010000997
2010000998
2010000999
2010001000
2010001001
2010001002
2010001003
2010001004
2010001005
2010001006
2010001007
2010001008
2010001009
2010001010
2010001011
2010001012
2010001013
2010001014
2010001015
2010001016
2010001017
2010001018
2010001019
2010001020
2010001021
2010001022
2010001023
2010001024
2010001025
2010001026
2010001027
2010001028
2010001029
2010001030
2010001031
2010001032
2010001033
2010001034
2010001035
2010001036
2010001037
2010001038
2010001039
2010001040
2010001041
2010001042
2010001043
2010001044
2010001045
2010001046
2010001047
2010001048
2010001049
2010001050
2010001051
2010001052
2010001053
2010001054
2010001055
2010001056
2010001057
2010001058
2010001059
2010001060
2010001061
2010001062
2010001063
2010001064
2010001065
2010001066
2010001067
2010001068
2010001069
2010001070
2010001071
2010001072
2010001073
2010001074
2010001075
2010001076
2010001077
2010001078
2010001079
2010001080
2010001081
2010001082
2010001083
2010001084
2010001085
2010001086
2010001087
2010001088
2010001089
2010001090
2010001091
2010001092
2010001093
2010001094
2010001095
2010001096
2010001097
2010001098
2010001099
