201200
201201
201202
201203
201204
201205
201206
201207
201208
201209
201210
201212
201213
201214
201215
201216
201217
201218
201219
201220
201221
201222
201223
201224
201225
201226
201227
201228
201229
201230
201231
201232
201233
201234
201235
201236
201237
201238
201239
201240
201241
201242
201243
201244
201245
201246
201247
201248
201249
201250
201251
201252
201253
201254
201255
201256
201257
201258
201259
201260
201261
201262
201263
201264
201265
201266
201267
201268
201269
201270
201271
201272
201273
201274
201275
201276
201277
201278
201279
201280
201281
201282
201283
201284
201285
201286
201287
201288
201289
201290
201291
201292
201293
201294
201295
201296
201297
201298
201299
201300
201301
201302
201303
201304
201305
201306
201307
201308
201309
201310
201312
201313
201314
201315
201316
201317
201318
201319
201320
201321
201322
201323
201324
201325
201326
201327
201328
201329
201330
201331
201332
201333
201334
201335
201336
201337
201338
201339
201340
201341
201342
201343
201344
201345
201346
201347
201348
201349
201350
201351
201352
201353
201354
201355
201356
201357
201358
201359
201360
201361
201362
201363
201364
201365
201366
201367
201368
201369
201370
201371
201372
201373
201374
201375
201376
201377
201378
201379
201380
201381
201382
201383
201384
201385
201386
201387
201388
201389
201390
201391
201392
201393
201394
201395
201396
201397
201398
201399
201400
201401
201402
201403
201404
201405
201406
201407
201408
201409
201410
201412
201413
201414
201415
201416
201417
201418
201419
201420
201421
201422
201423
201424
201425
201426
201427
201428
201429
201430
201431
201432
201433
201434
201435
201436
201437
201438
201439
201440
201441
201442
201443
201444
201445
201446
201447
201448
201449
201450
201451
201452
201453
201454
201455
201456
201457
201458
201459
201460
201461
201462
201463
201464
201465
201466
201467
201468
201469
201470
201471
201472
201473
201474
201475
201476
201477
201478
201479
201480
201481
201482
201483
201484
201485
201486
201487
201488
201489
201490
201491
201492
201493
201494
201495
201496
201497
201498
201499
201500
201501
201502
201503
201504
201505
201506
201507
201508
201509
201510
201512
201513
201514
201515
201516
201517
201518
201519
201520
201521
201522
201523
201524
201525
201526
201527
201528
201529
201530
201531
201532
201533
201534
201535
201536
201537
201538
201539
201540
201541
201542
201543
201544
201545
201546
201547
201548
201549
201551
201552
201553
201554
201555
201556
201557
201558
201559
201560
201561
201562
201563
201564
201565
201566
201567
201568
201569
201570
201571
201572
201573
201574
201575
201576
201577
201578
201579
201580
201581
201582
201583
201584
201585
201586
201587
201588
201589
201590
201591
201592
201593
201594
201595
201596
201597
201598
201599
201600
201601
201602
201603
201604
201605
201606
201607
201608
201610
201612
201613
201614
201615
201616
201617
201618
201619
201620
201621
201622
201623
201624
201625
201626
201627
201628
201629
201630
201631
201632
201633
201634
201635
201636
201637
201638
201639
201640
201641
201642
201643
201644
201645
201646
201647
201648
201649
201650
201651
201652
201653
201654
201655
201656
201657
201658
201659
201660
201661
201662
201663
201664
201665
201666
201667
201668
201669
201670
201671
201672
201673
201674
201675
201676
201677
201678
201679
201680
201681
201682
201683
201684
201685
201686
201687
201688
201689
201690
201691
201692
201693
201694
201695
201696
201697
201698
201699
201701
201702
201703
201704
201705
201706
201707
201708
201709
201710
201712
201713
201714
201715
201716
201718
201719
201720
201721
201722
201723
201724
201725
201726
201727
201728
201729
201730
201731
201732
201733
201734
201735
201736
201737
201738
201739
201740
201741
201742
201743
201744
201745
201746
201747
201748
201749
201750
201751
201752
201753
201754
201755
201756
201757
201758
201759
201760
201761
201762
201763
201764
201765
201766
201767
201768
201769
201770
201771
201772
201773
201774
201775
201776
201777
201778
201779
201780
201781
201782
201783
201784
201785
201786
201787
201788
201789
201790
201791
201792
201793
201794
201795
201796
201797
201798
201799
201800
201801
201802
201803
201804
201805
201806
201807
201808
201809
201810
201812
201813
201814
201815
201816
201817
201818
201819
201820
201821
201822
201823
201824
201825
201826
201827
201828
201829
201830
201831
201832
201833
201834
201835
201836
201837
201838
201839
201840
201841
201842
201843
201844
201845
201846
201847
201848
201849
201850
201851
201852
201853
201854
201855
201856
201857
201858
201859
201860
201861
201862
201863
201864
201865
201866
201867
201868
201869
201870
201871
201872
201873
201874
201875
201876
201877
201878
201879
201880
201881
201882
201883
201884
201885
201886
201887
201888
201889
201890
201891
201892
201893
201894
201895
201896
201897
201898
201899
201900
201901
201902
201903
201904
201905
201906
201907
201909
201910
201912
201913
201914
201915
201916
201917
201918
201919
201920
201921
201922
201923
201924
201925
201926
201927
201928
201929
201930
201931
201932
201933
201934
201935
201936
201937
201938
201939
201940
201941
201942
201943
201944
201945
201946
201947
201948
201949
201951
201952
201953
201954
201955
201956
201957
201960
201961
201962
201963
201964
201965
201966
201967
201968
201969
201970
201971
201972
201973
201974
201975
201976
201977
201978
201979
201980
201981
201982
201983
201984
201985
201986
201987
201988
201989
201990
201991
201992
201993
201994
201995
201996
201997
201998
202200
202201
202203
202204
202205
202206
202207
202208
202209
202210
202212
202213
202214
202215
202216
202217
202218
202219
202220
202221
202222
202223
202224
202225
202226
202227
202228
202229
202230
202231
202232
202233
202234
202235
202236
202237
202238
202239
202241
202242
202243
202244
202245
202246
202247
202248
202249
202250
202251
202252
202253
202254
202255
202256
202257
202258
202259
202260
202261
202262
202263
202264
202265
202266
202267
202268
202269
202270
202271
202272
202273
202274
202275
202276
202277
202278
202279
202280
202281
202282
202283
202284
202285
202286
202287
202288
202289
202290
202291
202292
202293
202294
202295
202296
202297
202298
202299
202300
202301
202302
202303
202304
202305
202306
202307
202308
202309
202310
202312
202313
202314
202315
202316
202317
202318
202319
202320
202321
202322
202323
202324
202325
202326
202327
202328
202329
202330
202331
202332
202333
202334
202335
202336
202337
202338
202339
202340
202341
202342
202343
202344
202345
202346
202347
202348
202349
202350
202351
202352
202353
202354
202355
202356
202357
202358
202359
202360
202361
202362
202363
202364
202365
202366
202367
202368
202369
202370
202371
202372
202373
202374
202375
202376
202377
202378
202379
202380
202381
202382
202383
202384
202385
202386
202387
202388
202389
202390
202391
202392
202393
202394
202395
202396
202397
202398
202399
202400
202401
202402
202403
202404
202405
202406
202407
202408
202409
202410
202412
202413
202414
202415
202416
202417
202418
202419
202420
202421
202422
202423
202424
202425
202426
202427
202428
202429
202430
202431
202432
202433
202434
202435
202436
202437
202438
202439
202440
202441
202442
202443
202444
202445
202446
202447
202448
202449
202450
202451
202452
202453
202454
202455
202456
202457
202458
202459
202460
202461
202462
202463
202464
202465
202466
202467
202468
202469
202470
202471
202472
202473
202474
202475
202476
202477
202478
202479
202480
202481
202482
202483
202484
202485
202486
202487
202488
202489
202490
202491
202492
202493
202494
202495
202496
202497
202498
202499
202500
202501
202502
202503
202504
202505
202506
202507
202508
202509
202510
202512
202513
202514
202515
202516
202517
202518
202519
202520
202521
202522
202523
202524
202525
202526
202527
202528
202529
202530
202531
202532
202533
202534
202535
202536
202537
202538
202539
202540
202541
202542
202543
202544
202545
202546
202547
202548
202549
202550
202551
202552
202553
202554
202555
202556
202557
202558
202559
202560
202561
202562
202563
202564
202565
202566
202567
202568
202569
202570
202572
202573
202574
202575
202576
202577
202578
202579
202580
202581
202582
202583
202584
202585
202586
202587
202588
202589
202590
202591
202592
202593
202594
202595
202596
202597
202598
202599
202600
202601
202602
202603
202604
202605
202606
202607
202608
202609
202610
202612
202613
202614
202615
202616
202617
202618
202619
202620
202621
202622
202623
202624
202625
202626
202627
202628
202629
202630
202631
202632
202633
202634
202635
202636
202637
202638
202639
202640
202641
202642
202643
202644
202645
202646
202647
202648
202649
202650
202651
202652
202653
202654
202655
202656
202657
202658
202659
202660
202661
202662
202663
202664
202665
202666
202667
202668
202669
202670
202671
202672
202673
202674
202675
202676
202677
202678
202679
202680
202681
202682
202683
202684
202685
202686
202687
202688
202689
202690
202691
202692
202693
202694
202695
202696
202697
202698
202699
202701
202702
202704
202705
202706
202707
202708
202709
202710
202712
202713
202714
202715
202716
202717
202718
202719
202720
202721
202722
202723
202724
202725
202726
202727
202728
202729
202730
202731
202732
202733
202734
202735
202736
202737
202738
202739
202740
202741
202742
202743
202744
202745
202746
202747
202748
202749
202750
202751
202752
202753
202754
202755
202756
202757
202758
202759
202760
202761
202762
202763
202764
202765
202766
202767
202768
202769
202770
202772
202773
202774
202775
202776
202777
202778
202779
202780
202781
202782
202783
202784
202785
202786
202787
202788
202789
202790
202791
202792
202793
202794
202795
202796
202797
202798
202799
202800
202801
202802
202803
202804
202805
202806
202807
202808
202809
202810
202812
202813
202814
202815
202816
202817
202818
202819
202820
202821
202822
202823
202824
202825
202826
202827
202828
202829
202830
202831
202832
202833
202834
202835
202836
202837
202838
202839
202840
202841
202842
202843
202844
202845
202846
202847
202848
202849
202850
202851
202852
202853
202854
202855
202856
202857
202858
202859
202860
202861
202862
202863
202864
202865
202866
202867
202868
202869
202870
202871
202872
202873
202874
202875
202876
202877
202878
202879
202880
202881
202882
202883
202884
202885
202886
202887
202888
202889
202890
202891
202892
202893
202894
202895
202896
202897
202898
202899
202900
202901
202902
202903
202904
202905
202906
202907
202908
202909
202910
202912
202913
202914
202915
202916
202917
202918
202919
202920
202921
202922
202923
202924
202925
202926
202927
202928
202929
202930
202931
202932
202933
202934
202935
202937
202938
202939
202940
202941
202942
202943
202944
202945
202946
202947
202948
202949
202951
202952
202953
202954
202955
202956
202957
202960
202961
202962
202963
202964
202965
202966
202967
202968
202969
202971
202972
202973
202974
202975
202976
202977
202978
202979
202980
202981
202982
202986
202991
202994
202996
202997
202998
203200
203201
203202
203204
203205
203206
203207
203208
203209
203210
203212
203213
203214
203215
203216
203217
203218
203219
203220
203221
203222
203223
203224
203225
203226
203227
203228
203229
203230
203231
203232
203233
203234
203235
203236
203237
203238
203239
203240
203241
203242
203243
203244
203245
203246
203247
203248
203249
203250
203251
203252
203253
203254
203255
203256
203257
203258
203259
203260
203261
203262
203263
203264
203265
203266
203267
203268
203269
203270
203271
203272
203273
203274
203275
203276
203277
203278
203279
203280
203281
203282
203283
203284
203285
203286
203287
203288
203289
203290
203291
203292
203293
203294
203295
203296
203297
203298
203299
203300
203301
203302
203303
203304
203305
203306
203307
203308
203309
203310
203312
203313
203314
203315
203316
203317
203318
203319
203320
203321
203322
203323
203324
203325
203326
203327
203328
203329
203330
203331
203332
203333
203334
203335
203336
203337
203338
203339
203340
203341
203342
203343
203344
203345
203346
203347
203348
203349
203350
203351
203352
203353
203354
203355
203356
203357
203358
203359
203360
203361
203362
203363
203364
203365
203366
203367
203368
203369
203370
203371
203372
203373
203374
203375
203376
203377
203378
203379
203380
203381
203382
203383
203384
203385
203386
203387
203388
203389
203390
203391
203392
203393
203394
203395
203396
203397
203398
203399
203400
203401
203402
203403
203404
203405
203406
203407
203408
203409
203410
203412
203413
203414
203415
203416
203417
203418
203419
203420
203421
203422
203423
203424
203425
203426
203427
203428
203429
203430
203431
203432
203433
203434
203435
203436
203437
203438
203439
203440
203441
203442
203443
203444
203445
203446
203447
203448
203449
203450
203451
203452
203453
203454
203455
203456
203457
203458
203459
203460
203461
203462
203463
203464
203465
203466
203467
203468
203469
203470
203471
203472
203473
203474
203475
203476
203477
203478
203479
203480
203481
203482
203483
203484
203485
203486
203487
203488
203489
203490
203491
203492
203493
203494
203495
203496
203497
203498
203499
203500
203501
203502
203503
203504
203505
203506
203507
203508
203509
203510
203512
203513
203514
203515
203516
203517
203518
203519
203520
203521
203522
203523
203524
203525
203526
203527
203528
203529
203530
203531
203532
203533
203534
203535
203536
203537
203538
203539
203540
203541
203542
203543
203544
203545
203546
203547
203548
203549
203550
203551
203552
203553
203554
203555
203556
203557
203558
203559
203560
203561
203562
203563
203564
203565
203566
203567
203568
203569
203570
203571
203572
203573
203574
203575
203576
203577
203578
203579
203580
203581
203582
203583
203584
203585
203586
203587
203588
203589
203590
203591
203592
203593
203594
203595
203596
203597
203598
203599
203600
203601
203602
203603
203604
203605
203606
203607
203608
203609
203610
203612
203613
203614
203615
203616
203617
203618
203619
203620
203621
203622
203623
203624
203625
203626
203627
203628
203629
203630
203631
203632
203633
203634
203635
203636
203637
203638
203639
203640
203641
203642
203643
203644
203645
203646
203647
203648
203649
203650
203651
203652
203653
203654
203655
203656
203657
203658
203659
203660
203661
203662
203663
203664
203665
203666
203667
203668
203669
203670
203671
203672
203673
203674
203675
203676
203677
203678
203679
203680
203681
203682
203683
203684
203685
203686
203687
203688
203689
203690
203691
203692
203693
203694
203695
203696
203697
203698
203699
203701
203702
203703
203704
203705
203706
203707
203708
203709
203710
203712
203713
203714
203715
203716
203717
203718
203719
203720
203721
203722
203723
203724
203725
203726
203727
203728
203729
203730
203731
203732
203733
203734
203735
203736
203737
203738
203739
203740
203741
203742
203743
203744
203745
203746
203747
203748
203749
203750
203751
203752
203753
203754
203755
203756
203757
203758
203759
203760
203761
203762
203763
203764
203765
203766
203767
203768
203769
203770
203771
203772
203773
203774
203775
203776
203777
203778
203779
203780
203781
203782
203783
203784
203785
203786
203787
203788
203789
203790
203791
203792
203793
203794
203795
203796
203797
203798
203799
203800
203801
203802
203803
203804
203805
203806
203807
203808
203809
203810
203812
203813
203814
203815
203816
203817
203818
203819
203820
203821
203822
203823
203824
203825
203826
203827
203828
203829
203830
203831
203832
203833
203834
203835
203836
203837
203838
203839
203840
203841
203842
203843
203844
203845
203846
203847
203848
203849
203850
203851
203852
203853
203854
203855
203856
203857
203858
203859
203861
203862
203863
203864
203865
203866
203867
203868
203869
203870
203871
203872
203873
203874
203875
203876
203877
203878
203879
203880
203881
203882
203883
203884
203885
203886
203887
203888
203889
203890
203891
203892
203893
203894
203895
203896
203897
203898
203899
203900
203901
203902
203903
203904
203905
203906
203907
203908
203909
203910
203912
203913
203914
203915
203916
203917
203918
203919
203920
203921
203922
203923
203924
203925
203926
203927
203928
203929
203930
203931
203932
203933
203934
203935
203936
203937
203938
203939
203940
203941
203942
203943
203944
203945
203946
203947
203948
203949
203951
203952
203953
203954
203955
203956
203957
203960
203961
203962
203963
203964
203965
203966
203967
203968
203969
203970
203971
203972
203973
203974
203975
203977
203978
203979
203980
203981
203982
203983
203984
203985
203986
203987
203988
203989
203990
203991
203992
203993
203994
203995
203996
203997
203998
204200
204201
204202
204203
204205
204206
204207
204208
204209
204210
204212
204213
204214
204215
204216
204217
204218
204219
204220
204221
204222
204223
204224
204225
204226
204227
204228
204229
204230
204231
204232
204233
204234
204235
204236
204237
204238
204239
204240
204241
204242
204243
204244
204245
204246
204247
204248
204249
204250
204251
204252
204253
204254
204255
204256
204257
204258
204259
204260
204261
204262
204263
204264
204265
204266
204267
204268
204269
204270
204271
204272
204274
204275
204276
204277
204278
204279
204280
204281
204282
204283
204284
204285
204286
204287
204288
204289
204290
204291
204292
204293
204294
204295
204296
204297
204298
204299
204300
204301
204302
204303
204304
204305
204306
204307
204308
204309
204310
204312
204313
204314
204315
204316
204317
204318
204319
204320
204321
204322
204323
204324
204325
204326
204327
204328
204329
204330
204331
204332
204333
204334
204335
204336
204337
204338
204339
204340
204341
204342
204343
204344
204345
204346
204347
204348
204349
204350
204351
204352
204353
204354
204355
204356
204357
204358
204359
204360
204361
204362
204363
204364
204365
204366
204367
204368
204369
204370
204371
204372
204373
204374
204375
204376
204377
204378
204379
204380
204381
204382
204383
204384
204385
204386
204387
204388
204389
204390
204391
204392
204393
204394
204395
204396
204397
204398
204399
204400
204401
204402
204403
204404
204405
204406
204407
204408
204409
204410
204412
204413
204414
204415
204416
204417
204418
204419
204420
204421
204422
204423
204424
204425
204426
204427
204428
204429
204430
204432
204433
204434
204435
204436
204437
204438
204439
204440
204441
204442
204443
204444
204445
204446
204447
204448
204449
204450
204451
204452
204453
204454
204455
204456
204457
204458
204459
204461
204462
204463
204464
204465
204466
204467
204468
204469
204470
204471
204472
204473
204474
204475
204476
204477
204478
204479
204480
204481
204482
204483
204484
204485
204486
204487
204488
204489
204490
204491
204492
204493
204494
204495
204496
204497
204498
204499
204500
204501
204502
204503
204504
204505
204506
204507
204508
204509
204510
204512
204513
204514
204515
204516
204517
204518
204519
204520
204521
204522
204523
204524
204525
204526
204527
204528
204529
204530
204531
204532
204533
204534
204535
204536
204537
204538
204539
204540
204541
204542
204543
204544
204545
204546
204547
204548
204549
204550
204551
204552
204553
204554
204556
204557
204558
204559
204560
204561
204562
204563
204564
204565
204566
204567
204568
204569
204570
204571
204572
204573
204574
204575
204576
204577
204578
204579
204580
204581
204582
204583
204585
204586
204587
204588
204589
204590
204591
204592
204593
204594
204595
204596
204597
204598
204599
204600
204601
204602
204603
204604
204605
204606
204607
204608
204609
204612
204613
204614
204615
204616
204617
204618
204619
204620
204621
204622
204623
204624
204625
204626
204627
204628
204629
204630
204631
204632
204633
204634
204635
204636
204637
204638
204639
204640
204641
204642
204643
204644
204645
204646
204647
204648
204649
204650
204651
204652
204653
204654
204655
204656
204657
204658
204659
204660
204661
204662
204663
204664
204665
204666
204667
204668
204669
204670
204671
204672
204673
204674
204675
204676
204677
204678
204679
204680
204681
204682
204683
204684
204685
204686
204687
204688
204689
204690
204691
204692
204693
204694
204695
204696
204697
204698
204699
204700
204701
204702
204703
204704
204705
204706
204707
204708
204709
204710
204712
204713
204714
204715
204716
204717
204718
204719
204720
204721
204722
204723
204724
204725
204726
204727
204728
204729
204730
204731
204732
204733
204734
204735
204736
204737
204738
204739
204740
204741
204742
204743
204744
204745
204746
204747
204748
204749
204750
204751
204752
204753
204754
204755
204756
204757
204758
204759
204760
204761
204762
204763
204764
204765
204766
204767
204768
204769
204770
204771
204772
204773
204774
204775
204776
204777
204778
204779
204780
204781
204782
204783
204784
204785
204786
204787
204788
204789
204790
204791
204792
204793
204794
204795
204796
204797
204798
204799
204800
204801
204802
204803
204804
204805
204806
204807
204808
204809
204812
204813
204814
204815
204816
204817
204818
204819
204820
204821
204822
204823
204824
204825
204826
204827
204828
204829
204830
204831
204832
204833
204834
204835
204836
204837
204838
204839
204840
204841
204842
204843
204844
204845
204846
204847
204848
204849
204850
204851
204852
204853
204854
204855
204856
204857
204858
204859
204860
204861
204862
204863
204864
204865
204866
204867
204868
204869
204870
204871
204872
204873
204874
204875
204876
204877
204878
204879
204880
204881
204882
204883
204884
204885
204886
204887
204888
204889
204890
204891
204892
204893
204894
204895
204896
204897
204898
204899
204900
204901
204902
204903
204904
204905
204906
204907
204908
204909
204910
204912
204913
204914
204915
204916
204917
204918
204919
204920
204921
204922
204923
204924
204925
204926
204927
204928
204929
204930
204931
204932
204933
204934
204935
204936
204937
204938
204939
204940
204941
204942
204943
204944
204945
204946
204947
204948
204949
204951
204952
204953
204954
204955
204956
204957
204958
204960
204961
204962
204963
204964
204965
204966
204967
204968
204969
204970
204971
204972
204973
204974
204975
204977
204978
204979
204980
204981
204982
204983
204984
204985
204986
204987
204988
204989
204990
204991
204992
204993
204994
204995
204996
204997
204998
205200
205201
205202
205203
205204
205206
205207
205208
205209
205210
205212
205213
205214
205215
205216
205217
205218
205219
205220
205221
205222
205223
205224
205225
205226
205227
205228
205229
205230
205231
205232
205233
205234
205235
205236
205237
205238
205239
205240
205241
205242
205243
205244
205245
205246
205247
205248
205249
205250
205251
205252
205253
205254
205255
205257
205258
205259
205260
205261
205262
205263
205264
205265
205266
205267
205268
205269
205270
205271
205272
205273
205274
205275
205276
205277
205278
205279
205280
205281
205282
205283
205284
205285
205286
205287
205288
205289
205290
205291
205292
205293
205294
205295
205296
205297
205298
205299
205300
205301
205302
205303
205304
205305
205306
205307
205308
205309
205310
205312
205313
205314
205315
205316
205317
205318
205319
205320
205321
205322
205323
205324
205325
205326
205327
205328
205329
205330
205331
205332
205333
205335
205336
205337
205338
205339
205340
205341
205342
205343
205344
205345
205346
205347
205348
205349
205350
205351
205352
205353
205354
205355
205356
205357
205358
205359
205360
205361
205362
205363
205364
205365
205366
205367
205368
205369
205370
205371
205372
205373
205374
205375
205376
205377
205378
205379
205380
205381
205382
205383
205384
205385
205386
205387
205388
205389
205390
205391
205392
205393
205394
205395
205396
205397
205398
205399
205400
205401
205402
205403
205404
205405
205406
205407
205408
205409
205410
205412
205413
205414
205415
205416
205417
205418
205419
205420
205421
205422
205423
205424
205425
205426
205427
205428
205429
205430
205431
205432
205433
205434
205435
205436
205437
205438
205439
205440
205441
205442
205443
205444
205445
205446
205447
205448
205449
205450
205451
205452
205453
205454
205455
205456
205457
205458
205459
205460
205461
205462
205463
205464
205465
205466
205467
205468
205469
205470
205471
205472
205473
205474
205475
205476
205477
205478
205479
205480
205481
205482
205483
205484
205485
205486
205487
205488
205489
205490
205491
205492
205493
205494
205495
205496
205497
205498
205499
205500
205501
205502
205503
205504
205505
205506
205507
205508
205509
205510
205512
205513
205514
205515
205516
205517
205518
205519
205520
205521
205522
205523
205524
205525
205526
205527
205528
205529
205530
205531
205532
205533
205534
205535
205536
205537
205538
205539
205540
205541
205542
205543
205544
205545
205546
205547
205548
205549
205550
205551
205552
205553
205554
205555
205556
205557
205558
205559
205560
205561
205562
205563
205564
205565
205566
205567
205568
205569
205570
205571
205572
205573
205574
205575
205576
205577
205578
205579
205580
205581
205582
205583
205584
205585
205586
205587
205588
205589
205590
205591
205592
205593
205594
205595
205596
205597
205598
205599
205600
205601
205602
205603
205604
205605
205606
205607
205608
205609
205610
205612
205613
205614
205615
205616
205617
205618
205619
205620
205621
205622
205623
205624
205625
205626
205627
205628
205629
205630
205631
205632
205633
205634
205635
205636
205637
205638
205639
205640
205641
205642
205643
205644
205645
205646
205647
205648
205649
205650
205651
205652
205653
205654
205655
205656
205657
205658
205660
205661
205662
205663
205664
205665
205666
205667
205668
205669
205670
205671
205672
205673
205674
205675
205676
205677
205678
205679
205680
205681
205682
205683
205684
205685
205686
205687
205688
205689
205690
205691
205692
205693
205694
205695
205696
205697
205698
205699
205701
205702
205703
205704
205705
205706
205707
205708
205709
205710
205712
205713
205714
205715
205716
205717
205718
205719
205720
205721
205722
205723
205724
205725
205726
205727
205728
205729
205730
205731
205732
205733
205734
205735
205736
205737
205738
205739
205740
205741
205742
205743
205744
205745
205746
205747
205748
205749
205750
205751
205752
205753
205754
205755
205756
205757
205758
205759
205760
205761
205762
205763
205764
205765
205766
205767
205768
205769
205770
205771
205772
205773
205774
205775
205776
205777
205778
205779
205780
205781
205782
205783
205784
205785
205786
205787
205788
205789
205790
205791
205792
205793
205794
205795
205796
205797
205798
205799
205800
205801
205802
205803
205804
205805
205806
205807
205808
205809
205810
205812
205813
205814
205815
205816
205817
205818
205819
205820
205821
205822
205823
205824
205825
205826
205827
205828
205829
205830
205831
205832
205833
205834
205835
205836
205837
205838
205839
205840
205841
205842
205843
205844
205845
205846
205847
205848
205849
205850
205851
205852
205853
205854
205855
205856
205857
205858
205859
205860
205861
205862
205863
205864
205865
205866
205867
205868
205869
205870
205871
205872
205873
205874
205875
205876
205877
205878
205879
205880
205881
205882
205883
205884
205885
205886
205887
205888
205889
205890
205891
205892
205893
205894
205895
205896
205897
205898
205899
205900
205901
205902
205903
205904
205905
205906
205907
205908
205909
205910
205912
205913
205914
205915
205916
205917
205918
205919
205920
205921
205922
205923
205924
205925
205926
205927
205928
205929
205930
205931
205932
205933
205934
205935
205936
205937
205938
205939
205940
205941
205942
205943
205944
205945
205946
205947
205948
205949
205951
205952
205953
205954
205955
205956
205957
205960
205961
205962
205963
205964
205965
205966
205967
205968
205969
205970
205971
205972
205973
205974
205975
205977
205978
205979
205980
205981
205982
205983
205984
205985
205986
205987
205988
205989
205990
205991
205992
205993
205994
205995
205996
205997
205998
206200
206201
206202
206203
206204
206205
206207
206208
206209
206210
206212
206213
206214
206215
206216
206217
206218
206219
206220
206221
206222
206223
206224
206225
206226
206227
206228
206229
206230
206231
206232
206233
206234
206235
206236
206237
206238
206239
206240
206241
206242
206243
206244
206245
206246
206247
206248
206249
206250
206251
206252
206254
206255
206256
206257
206258
206259
206260
206261
206262
206263
206264
206265
206266
206267
206268
206269
206270
206271
206272
206273
206274
206275
206276
206277
206278
206279
206280
206281
206282
206283
206284
206285
206286
206287
206288
206289
206290
206291
206292
206293
206294
206295
206296
206297
206298
206299
206300
206301
206302
206303
206304
206305
206306
206307
206308
206309
206310
206312
206313
206314
206315
206316
206317
206318
206319
206320
206321
206322
206323
206324
206325
206326
206327
206328
206329
206330
206331
206332
206333
206334
206335
206336
206337
206338
206339
206340
206341
206342
206343
206344
206345
206346
206347
206348
206349
206350
206351
206352
206353
206354
206355
206356
206357
206358
206359
206361
206362
206363
206364
206365
206366
206367
206368
206369
206370
206371
206372
206373
206374
206375
206376
206377
206378
206379
206380
206381
206382
206383
206384
206385
206386
206387
206388
206389
206390
206391
206392
206393
206394
206395
206396
206397
206398
206399
206400
206401
206402
206403
206404
206405
206406
206407
206408
206409
206410
206412
206413
206414
206415
206416
206417
206418
206419
206420
206421
206422
206423
206424
206426
206427
206428
206429
206430
206431
206432
206433
206434
206435
206436
206437
206438
206439
206440
206441
206442
206443
206444
206445
206446
206447
206448
206449
206450
206451
206452
206453
206454
206455
206456
206457
206458
206459
206460
206461
206462
206463
206464
206465
206466
206467
206468
206469
206470
206471
206472
206473
206474
206475
206476
206477
206478
206479
206480
206481
206482
206483
206484
206485
206486
206487
206488
206489
206490
206491
206492
206493
206494
206495
206496
206497
206498
206499
206500
206501
206502
206503
206504
206505
206506
206507
206508
206509
206510
206512
206513
206514
206515
206516
206517
206518
206519
206520
206521
206522
206523
206524
206525
206526
206527
206528
206529
206530
206531
206533
206534
206535
206536
206537
206538
206539
206540
206541
206542
206543
206544
206545
206546
206547
206548
206549
206550
206551
206552
206553
206554
206555
206556
206557
206558
206559
206560
206561
206562
206563
206565
206566
206567
206568
206569
206570
206571
206572
206573
206574
206575
206576
206577
206578
206579
206580
206581
206582
206583
206584
206585
206586
206587
206588
206589
206590
206591
206592
206593
206594
206595
206596
206597
206598
206599
206600
206601
206602
206603
206604
206605
206606
206607
206608
206609
206610
206612
206613
206614
206615
206616
206617
206618
206619
206620
206621
206622
206623
206624
206625
206626
206627
206628
206629
206630
206631
206632
206633
206634
206635
206636
206637
206639
206640
206641
206642
206643
206644
206645
206646
206648
206649
206650
206651
206652
206653
206654
206655
206656
206657
206658
206659
206660
206661
206662
206663
206664
206665
206666
206667
206668
206669
206672
206673
206674
206675
206676
206677
206678
206679
206680
206681
206682
206683
206684
206685
206686
206687
206688
206689
206691
206692
206693
206694
206695
206696
206697
206698
206699
206701
206702
206705
206706
206707
206708
206709
206712
206713
206714
206715
206716
206717
206718
206719
206720
206721
206722
206723
206724
206725
206726
206727
206728
206729
206730
206731
206732
206733
206734
206735
206736
206737
206738
206739
206740
206741
206742
206743
206744
206745
206747
206748
206749
206751
206753
206754
206755
206757
206760
206762
206763
206764
206765
206766
206767
206768
206769
206770
206771
206772
206773
206774
206775
206777
206778
206779
206780
206781
206782
206783
206784
206785
206786
206787
206788
206789
206790
206792
206793
206794
206795
206797
206798
206799
206800
206801
206802
206805
206806
206807
206808
206809
206810
206812
206816
206817
206818
206819
206822
206823
206824
206825
206826
206829
206830
206832
206833
206834
206835
206838
206839
206841
206842
206849
206850
206851
206852
206853
206854
206855
206856
206858
206859
206860
206861
206866
206867
206870
206876
206877
206878
206880
206883
206884
206886
206887
206888
206889
206890
206892
206895
206897
206898
206899
206900
206901
206902
206903
206905
206906
206907
206909
206910
206913
206914
206915
206916
206917
206918
206919
206920
206922
206923
206925
206926
206928
206929
206930
206931
206932
206933
206934
206935
206937
206938
206939
206940
206941
206945
206946
206947
206948
206949
206953
206954
206955
206956
206957
206960
206962
206963
206965
206966
206969
206970
206971
206972
206973
206975
206977
206978
206979
206980
206981
206982
206984
206985
206986
206987
206988
206989
206990
206991
206992
206993
206994
206995
206996
206997
206998
207200
207201
207202
207203
207204
207205
207206
207208
207209
207210
207212
207213
207214
207215
207216
207217
207218
207219
207220
207221
207222
207223
207224
207225
207226
207227
207228
207229
207230
207231
207232
207233
207234
207235
207236
207237
207238
207239
207240
207241
207242
207243
207244
207245
207246
207247
207248
207249
207250
207251
207252
207253
207254
207255
207256
207257
207259
207261
207262
207263
207264
207265
207266
207267
207268
207269
207270
207271
207272
207273
207274
207275
207276
207277
207278
207279
207280
207281
207282
207283
207284
207285
207286
207287
207288
207289
207290
207291
207292
207293
207294
207295
207296
207297
207298
207299
207300
207301
207302
207303
207304
207305
207306
207307
207310
207312
207313
207314
207315
207316
207317
207318
207319
207320
207321
207322
207323
207324
207325
207326
207327
207328
207329
207330
207331
207332
207333
207334
207335
207336
207337
207338
207339
207340
207341
207342
207343
207344
207345
207346
207347
207348
207349
207350
207351
207352
207353
207354
207355
207356
207357
207358
207359
207360
207361
207362
207363
207364
207365
207366
207367
207368
207369
207370
207371
207372
207373
207374
207375
207376
207377
207378
207379
207380
207381
207382
207383
207384
207385
207386
207387
207388
207389
207390
207391
207392
207393
207394
207395
207396
207397
207398
207399
207400
207401
207402
207403
207404
207405
207406
207407
207408
207409
207412
207415
207416
207417
207418
207420
207421
207422
207423
207424
207425
207426
207427
207428
207429
207430
207431
207432
207433
207434
207435
207436
207437
207438
207439
207440
207441
207442
207443
207444
207445
207446
207447
207448
207449
207450
207451
207452
207453
207454
207455
207456
207457
207458
207459
207460
207461
207462
207463
207464
207465
207466
207467
207468
207469
207470
207471
207472
207473
207474
207475
207476
207477
207478
207479
207480
207481
207482
207483
207484
207485
207486
207487
207488
207489
207490
207491
207492
207493
207494
207495
207496
207497
207498
207499
207500
207501
207502
207503
207504
207505
207506
207507
207509
207510
207512
207513
207514
207515
207516
207517
207518
207519
207520
207521
207522
207523
207524
207525
207526
207527
207528
207529
207530
207531
207532
207533
207534
207535
207536
207537
207538
207539
207540
207541
207542
207543
207544
207545
207546
207547
207548
207549
207550
207551
207552
207553
207554
207555
207556
207557
207558
207559
207560
207561
207562
207563
207564
207565
207566
207567
207568
207569
207570
207571
207572
207573
207574
207575
207576
207577
207578
207579
207580
207581
207582
207583
207584
207585
207586
207587
207588
207589
207590
207591
207592
207593
207594
207595
207596
207597
207598
207600
207601
207602
207604
207605
207606
207607
207608
207610
207612
207613
207614
207615
207616
207618
207619
207620
207621
207622
207623
207624
207625
207626
207627
207628
207629
207630
207631
207632
207633
207634
207635
207636
207637
207638
207639
207640
207641
207642
207643
207644
207645
207646
207647
207648
207649
207650
207651
207652
207653
207654
207655
207656
207657
207658
207659
207660
207661
207662
207663
207664
207665
207666
207667
207668
207669
207670
207671
207672
207674
207675
207676
207677
207678
207679
207680
207681
207682
207683
207684
207685
207686
207687
207688
207689
207690
207691
207692
207693
207694
207695
207696
207697
207698
207699
207701
207702
207703
207704
207705
207706
207707
207708
207709
207710
207712
207713
207714
207715
207716
207717
207718
207720
207721
207722
207723
207724
207725
207726
207727
207728
207729
207730
207731
207732
207733
207734
207735
207736
207737
207738
207739
207740
207741
207742
207743
207744
207745
207746
207747
207748
207749
207750
207751
207752
207753
207754
207755
207756
207757
207758
207759
207760
207761
207762
207763
207764
207765
207766
207767
207768
207769
207770
207771
207772
207773
207774
207775
207776
207777
207778
207779
207780
207781
207782
207783
207784
207785
207786
207787
207788
207789
207790
207791
207792
207793
207794
207795
207796
207797
207798
207799
207800
207801
207802
207803
207804
207805
207806
207807
207808
207809
207810
207812
207813
207814
207815
207816
207817
207818
207819
207820
207821
207822
207823
207824
207825
207826
207827
207828
207829
207830
207831
207832
207833
207834
207835
207836
207837
207838
207839
207840
207841
207842
207843
207844
207845
207846
207847
207848
207849
207850
207851
207852
207853
207854
207855
207856
207857
207858
207859
207860
207861
207862
207863
207864
207865
207866
207867
207868
207869
207870
207871
207872
207873
207874
207875
207876
207877
207878
207879
207880
207881
207882
207883
207884
207885
207887
207888
207889
207890
207891
207892
207893
207894
207895
207896
207897
207899
207900
207901
207902
207903
207904
207907
207910
207914
207915
207916
207917
207918
207922
207923
207924
207925
207926
207928
207929
207930
207931
207933
207934
207935
207937
207938
207939
207941
207942
207943
207944
207945
207946
207947
207948
207949
207951
207952
207953
207956
207957
207962
207963
207965
207966
207967
207968
207973
207974
207975
207977
207983
207985
207989
207990
207991
207992
207993
207994
207997
207998
208200
208201
208202
208203
208204
208205
208206
208207
208209
208210
208212
208213
208214
208215
208216
208217
208218
208219
208220
208221
208222
208223
208224
208225
208226
208227
208228
208229
208230
208231
208232
208233
208234
208235
208236
208237
208238
208239
208240
208241
208242
208243
208244
208245
208246
208247
208248
208249
208250
208251
208252
208253
208254
208255
208256
208257
208258
208259
208260
208261
208262
208263
208264
208265
208266
208267
208268
208269
208270
208271
208272
208273
208274
208275
208276
208277
208278
208279
208280
208281
208282
208283
208284
208285
208286
208287
208288
208289
208290
208291
208292
208293
208294
208295
208296
208297
208298
208299
208300
208301
208302
208303
208304
208305
208306
208308
208309
208310
208312
208313
208314
208315
208316
208317
208318
208319
208320
208321
208322
208323
208324
208325
208326
208327
208328
208329
208330
208331
208332
208333
208334
208335
208336
208337
208338
208339
208340
208341
208342
208343
208344
208345
208346
208347
208348
208349
208350
208351
208352
208353
208354
208355
208356
208357
208358
208359
208360
208361
208362
208363
208364
208365
208366
208367
208368
208369
208370
208371
208372
208373
208374
208375
208376
208377
208378
208379
208380
208381
208382
208383
208384
208385
208386
208387
208388
208389
208390
208391
208392
208393
208394
208395
208396
208397
208398
208399
208400
208401
208402
208403
208404
208405
208406
208407
208408
208409
208410
208412
208413
208414
208415
208416
208417
208418
208419
208420
208421
208422
208423
208424
208425
208426
208427
208428
208429
208430
208431
208432
208433
208434
208435
208436
208437
208438
208439
208440
208441
208442
208443
208444
208445
208446
208447
208448
208449
208450
208451
208452
208453
208454
208455
208456
208457
208458
208459
208460
208461
208462
208463
208464
208465
208466
208467
208468
208469
208471
208472
208473
208474
208475
208476
208477
208478
208479
208480
208481
208482
208483
208484
208485
208486
208487
208488
208489
208490
208491
208492
208493
208494
208495
208496
208497
208498
208499
208500
208501
208502
208503
208504
208505
208506
208507
208508
208509
208510
208512
208513
208514
208515
208516
208517
208518
208519
208520
208521
208522
208523
208524
208525
208526
208527
208528
208529
208530
208531
208532
208533
208534
208535
208536
208537
208538
208539
208540
208541
208542
208543
208544
208545
208546
208547
208548
208549
208550
208551
208552
208553
208554
208555
208556
208557
208558
208559
208560
208561
208562
208563
208564
208565
208566
208567
208568
208569
208570
208571
208572
208573
208574
208575
208576
208577
208578
208580
208582
208583
208584
208585
208587
208588
208589
208590
208591
208592
208593
208594
208595
208596
208597
208598
208599
208600
208601
208602
208603
208604
208605
208606
208607
208608
208609
208610
208612
208613
208614
208615
208616
208617
208618
208619
208620
208621
208622
208623
208624
208625
208626
208627
208628
208629
208630
208631
208632
208633
208634
208635
208636
208637
208638
208639
208640
208641
208642
208643
208644
208645
208646
208647
208648
208649
208650
208651
208652
208653
208654
208655
208656
208657
208658
208659
208660
208661
208662
208663
208664
208665
208666
208667
208668
208669
208670
208672
208673
208674
208675
208676
208677
208678
208679
208680
208681
208682
208683
208684
208685
208686
208687
208688
208689
208690
208691
208692
208693
208694
208695
208696
208697
208698
208699
208701
208702
208703
208704
208705
208706
208707
208708
208709
208710
208712
208713
208714
208715
208716
208717
208718
208719
208720
208721
208722
208723
208724
208725
208726
208727
208728
208729
208730
208731
208732
208733
208734
208735
208736
208737
208738
208739
208740
208741
208742
208743
208744
208745
208746
208747
208748
208749
208750
208751
208752
208753
208754
208755
208756
208757
208758
208759
208760
208761
208762
208763
208764
208765
208766
208767
208768
208769
208770
208771
208772
208773
208774
208775
208776
208777
208778
208779
208780
208781
208782
208783
208784
208785
208786
208787
208788
208789
208790
208791
208792
208793
208794
208795
208796
208797
208798
208799
208800
208801
208802
208803
208804
208805
208806
208807
208808
208809
208810
208812
208813
208814
208815
208816
208817
208818
208819
208820
208821
208822
208823
208824
208825
208826
208827
208828
208829
208830
208832
208833
208834
208835
208836
208837
208838
208839
208840
208841
208842
208843
208844
208845
208846
208847
208848
208850
208851
208852
208853
208854
208855
208856
208857
208858
208859
208860
208861
208862
208863
208864
208865
208866
208867
208868
208869
208870
208871
208872
208873
208874
208875
208876
208877
208878
208879
208880
208881
208882
208883
208884
208885
208886
208887
208888
208889
208890
208891
208892
208893
208894
208895
208896
208897
208898
208899
208900
208901
208902
208903
208904
208905
208906
208907
208908
208909
208910
208912
208913
208914
208915
208916
208917
208918
208919
208920
208921
208922
208923
208924
208925
208926
208927
208928
208929
208930
208931
208932
208933
208934
208935
208936
208937
208938
208939
208940
208941
208942
208943
208944
208945
208946
208947
208948
208949
208951
208952
208953
208954
208955
208956
208957
208960
208961
208962
208963
208964
208965
208966
208967
208968
208969
208970
208971
208972
208974
208975
208977
208978
208979
208980
208981
208982
208983
208984
208985
208986
208987
208988
208989
208990
208991
208992
208993
208994
208995
208996
208997
208998
209200
209201
209202
209203
209204
209205
209206
209207
209208
209210
209212
209213
209214
209215
209216
209217
209218
209219
209220
209221
209222
209223
209224
209225
209226
209227
209228
209229
209230
209231
209232
209233
209234
209235
209236
209237
209238
209239
209240
209241
209242
209243
209244
209245
209246
209247
209248
209249
209250
209251
209252
209253
209254
209255
209256
209257
209258
209259
209260
209261
209262
209263
209264
209265
209266
209267
209268
209269
209270
209271
209272
209273
209274
209275
209276
209277
209278
209279
209280
209281
209282
209283
209284
209285
209286
209287
209288
209289
209290
209291
209292
209293
209294
209295
209296
209297
209298
209299
209300
209301
209302
209303
209304
209305
209306
209307
209308
209309
209310
209312
209313
209314
209315
209316
209317
209318
209319
209320
209321
209322
209323
209324
209325
209326
209327
209328
209329
209330
209331
209332
209333
209334
209335
209336
209337
209338
209339
209340
209341
209342
209343
209344
209345
209346
209347
209348
209349
209351
209352
209353
209354
209355
209356
209357
209358
209359
209360
209361
209362
209363
209364
209365
209366
209367
209368
209369
209370
209371
209372
209373
209374
209375
209376
209377
209378
209379
209380
209381
209382
209383
209384
209385
209386
209387
209388
209389
209390
209391
209392
209393
209394
209395
209396
209397
209398
209399
209400
209401
209402
209403
209404
209405
209406
209407
209408
209409
209410
209412
209413
209414
209415
209416
209417
209418
209419
209420
209421
209422
209423
209424
209425
209426
209427
209428
209429
209430
209431
209432
209433
209434
209435
209436
209437
209438
209439
209440
209441
209442
209443
209444
209445
209446
209447
209448
209449
209450
209451
209452
209453
209454
209455
209456
209457
209458
209459
209460
209461
209462
209463
209464
209465
209466
209467
209468
209469
209470
209471
209472
209473
209474
209475
209476
209477
209478
209479
209480
209481
209482
209483
209484
209485
209486
209487
209488
209489
209490
209491
209492
209493
209494
209495
209496
209497
209498
209499
209500
209501
209502
209503
209504
209505
209506
209507
209508
209509
209510
209513
209514
209515
209516
209517
209518
209519
209520
209521
209522
209523
209524
209525
209526
209527
209528
209529
209530
209531
209532
209533
209534
209535
209536
209537
209538
209539
209540
209541
209542
209543
209544
209545
209546
209547
209548
209549
209550
209551
209552
209553
209554
209555
209556
209557
209558
209559
209560
209561
209562
209563
209564
209565
209566
209567
209568
209569
209570
209571
209572
209573
209574
209575
209576
209577
209578
209579
209580
209581
209582
209583
209584
209585
209586
209587
209588
209589
209590
209591
209592
209593
209594
209595
209596
209597
209598
209599
209600
209601
209602
209603
209604
209605
209606
209607
209608
209609
209610
209612
209613
209614
209615
209616
209617
209618
209619
209620
209621
209622
209623
209624
209625
209626
209627
209628
209629
209630
209631
209632
209633
209634
209635
209636
209637
209638
209639
209640
209641
209642
209643
209644
209645
209646
209647
209648
209649
209650
209651
209652
209653
209654
209655
209656
209658
209659
209660
209661
209662
209663
209664
209665
209666
209667
209668
209669
209670
209671
209672
209673
209674
209675
209676
209677
209678
209679
209680
209681
209682
209683
209684
209685
209686
209687
209688
209689
209690
209691
209692
209693
209694
209695
209696
209697
209698
209699
209701
209702
209703
209704
209705
209707
209708
209709
209710
209712
209713
209714
209715
209716
209717
209718
209719
209720
209721
209722
209723
209724
209725
209726
209727
209728
209729
209730
209731
209732
209733
209734
209735
209736
209737
209738
209739
209740
209741
209742
209743
209744
209745
209746
209747
209748
209749
209750
209751
209752
209753
209754
209755
209756
209757
209758
209759
209760
209761
209762
209763
209764
209765
209766
209768
209769
209770
209771
209772
209773
209774
209775
209777
209778
209779
209780
209781
209782
209783
209784
209785
209786
209787
209788
209789
209790
209791
209792
209793
209794
209795
209796
209797
209798
209799
209800
209802
209803
209804
209805
209806
209807
209808
209809
209810
209812
209813
209814
209815
209816
209817
209818
209819
209820
209821
209822
209823
209824
209825
209826
209827
209828
209829
209830
209831
209832
209833
209834
209835
209836
209837
209838
209839
209840
209841
209842
209843
209844
209845
209846
209847
209848
209850
209851
209852
209853
209854
209855
209856
209857
209858
209859
209861
209862
209863
209867
209869
209870
209872
209873
209874
209877
209878
209879
209881
209882
209883
209885
209886
209887
209888
209890
209892
209893
209894
209895
209896
209897
209898
209899
209900
209902
209903
209905
209907
209908
209909
209910
209912
209914
209915
209916
209917
209918
209920
209922
209923
209924
209926
209927
209928
209929
209931
209932
209933
209937
209938
209939
209940
209941
209942
209943
209944
209945
209946
209947
209948
209949
209951
209952
209953
209954
209955
209956
209957
209962
209965
209966
209967
209968
209969
209974
209975
209977
209978
209980
209981
209982
209983
209984
209985
209986
209987
209988
209989
209990
209992
209993
209995
209996
210200
210201
210202
210203
210204
210205
210206
210207
210208
210209
210212
210213
210214
210215
210216
210217
210218
210219
210220
210221
210222
210223
210224
210225
210226
210227
210228
210229
210230
210231
210232
210233
210234
210235
210236
210237
210238
210239
210240
210241
210242
210243
210244
210245
210246
210247
210248
210249
210250
210251
210253
210254
210255
210256
210257
210258
210259
210260
210261
210262
210263
210264
210265
210266
210267
210268
210269
210270
210271
210272
210273
210274
210275
210276
210277
210278
210279
210280
210281
210282
210283
210284
210285
210286
210287
210288
210289
210290
210291
210292
210293
210294
210295
210296
210297
210298
210299
210300
210301
210302
210303
210304
210305
210306
210307
210308
210309
210310
210312
210313
210314
210315
210316
210317
210318
210319
210320
210321
210322
210323
210324
210325
210326
210327
210328
210329
210330
210331
210332
210333
210334
210335
210336
210337
210338
210339
210340
210341
210342
210343
210344
210345
210346
210347
210348
210349
210350
210351
210352
210353
210354
210355
210356
210357
210358
210359
210360
210361
210362
210363
210364
210365
210366
210367
210368
210369
210370
210371
210372
210373
210374
210375
210376
210377
210378
210379
210380
210381
210382
210383
210384
210385
210386
210387
210388
210389
210390
210391
210392
210393
210394
210395
210396
210397
210398
210399
210400
210401
210402
210403
210404
210405
210406
210407
210408
210409
210410
210412
210413
210414
210415
210416
210417
210418
210419
210420
210421
210422
210423
210424
210425
210426
210427
210428
210429
210430
210431
210432
210433
210434
210435
210436
210437
210438
210439
210440
210441
210442
210443
210444
210445
210446
210447
210448
210449
210450
210451
210452
210453
210454
210455
210456
210457
210458
210459
210460
210461
210462
210463
210464
210465
210466
210467
210468
210469
210470
210471
210472
210473
210474
210475
210476
210477
210478
210479
210480
210481
210482
210483
210484
210485
210486
210487
210488
210489
210490
210491
210492
210493
210494
210495
210496
210497
210498
210499
210500
210501
210502
210503
210504
210505
210506
210507
210508
210509
210510
210513
210514
210515
210516
210517
210518
210519
210520
210521
210522
210523
210524
210525
210526
210527
210528
210529
210530
210531
210532
210533
210534
210535
210536
210537
210538
210539
210540
210541
210542
210543
210544
210545
210546
210547
210548
210549
210550
210551
210552
210553
210554
210555
210556
210557
210558
210559
210560
210561
210562
210563
210564
210565
210566
210567
210568
210569
210570
210571
210572
210573
210574
210575
210576
210577
210578
210579
210580
210581
210582
210583
210584
210585
210586
210587
210588
210589
210590
210591
210592
210593
210594
210595
210596
210597
210598
210599
210600
210601
210602
210603
210604
210605
210606
210607
210608
210609
210610
210612
210613
210614
210615
210616
210617
210618
210619
210620
210621
210622
210623
210624
210625
210626
210627
210628
210629
210630
210631
210632
210633
210634
210635
210636
210637
210638
210639
210640
210641
210642
210643
210644
210645
210646
210647
210648
210649
210650
210651
210652
210653
210654
210655
210656
210657
210658
210659
210660
210661
210662
210663
210664
210665
210666
210667
210668
210669
210670
210671
210672
210673
210674
210675
210676
210677
210678
210679
210680
210681
210682
210683
210684
210685
210686
210687
210688
210689
210690
210691
210692
210693
210694
210695
210696
210697
210698
210699
210701
210702
210703
210704
210705
210706
210707
210708
210709
210710
210712
210713
210714
210715
210716
210717
210718
210719
210720
210721
210722
210723
210724
210725
210727
210728
210729
210730
210731
210732
210733
210734
210735
210736
210737
210738
210739
210740
210741
210742
210743
210744
210745
210746
210747
210748
210749
210750
210751
210752
210753
210754
210755
210756
210757
210758
210759
210760
210761
210762
210763
210764
210765
210766
210767
210768
210769
210770
210771
210772
210773
210774
210775
210776
210777
210778
210779
210780
210781
210782
210783
210784
210785
210786
210787
210788
210789
210790
210791
210792
210793
210794
210795
210796
210797
210798
210799
210800
210801
210802
210803
210804
210805
210806
210807
210808
210809
210810
210812
210813
210814
210815
210816
210817
210818
210819
210820
210821
210822
210823
210824
210825
210826
210827
210828
210829
210831
210832
210833
210834
210835
210836
210837
210838
210839
210840
210841
210842
210843
210844
210845
210846
210847
210848
210849
210850
210851
210852
210853
210854
210855
210856
210857
210858
210859
210860
210861
210862
210863
210864
210865
210866
210867
210868
210869
210870
210871
210872
210873
210874
210875
210876
210877
210878
210879
210880
210881
210882
210883
210884
210885
210886
210887
210888
210889
210890
210891
210892
210893
210894
210895
210896
210897
210898
210899
210900
210901
210902
210903
210904
210905
210906
210907
210908
210909
210910
210912
210913
210914
210915
210916
210917
210918
210919
210920
210921
210922
210923
210924
210925
210926
210927
210928
210929
210930
210931
210932
210933
210934
210935
210936
210937
210938
210939
210940
210941
210942
210943
210944
210945
210946
210947
210948
210949
210951
210952
210953
210954
210955
210957
210960
210961
210962
210963
210965
210966
210967
210968
210969
210970
210971
210972
210973
210974
210975
210977
210978
210979
210980
210981
210982
210983
210984
210986
210987
210988
210989
210990
210991
210992
210993
210994
210995
210996
210997
210998
212200
212201
212202
212203
212204
212205
212206
212207
212208
212209
212210
212213
212214
212215
212216
212217
212218
212219
212220
212221
212222
212223
212224
212225
212226
212227
212228
212229
212230
212231
212232
212233
212234
212235
212236
212237
212238
212239
212240
212241
212242
212243
212244
212245
212246
212247
212248
212249
212250
212251
212252
212253
212254
212255
212256
212257
212258
212259
212260
212261
212262
212263
212264
212265
212266
212267
212268
212269
212270
212271
212272
212273
212274
212275
212276
212277
212278
212279
212280
212281
212282
212283
212284
212285
212286
212287
212288
212289
212290
212291
212292
212293
212294
212295
212296
212297
212298
212299
212300
212301
212302
212303
212304
212305
212306
212307
212308
212309
212310
212312
212313
212314
212315
212316
212317
212318
212319
212320
212321
212322
212323
212324
212325
212326
212327
212328
212329
212330
212331
212332
212333
212334
212335
212336
212337
212338
212339
212340
212341
212342
212343
212344
212345
212346
212348
212349
212350
212351
212352
212353
212354
212355
212356
212357
212358
212359
212360
212361
212362
212363
212364
212365
212366
212367
212368
212369
212370
212371
212372
212373
212374
212375
212376
212377
212378
212379
212380
212381
212382
212383
212384
212385
212386
212387
212388
212389
212390
212391
212392
212393
212394
212395
212396
212397
212398
212399
212400
212401
212402
212403
212404
212405
212406
212407
212408
212409
212410
212412
212413
212414
212415
212416
212417
212418
212419
212420
212421
212422
212423
212424
212425
212426
212427
212428
212429
212430
212431
212432
212433
212434
212435
212436
212437
212438
212439
212440
212441
212442
212443
212444
212445
212446
212447
212448
212449
212450
212451
212452
212453
212454
212455
212456
212457
212458
212459
212460
212461
212462
212463
212464
212465
212466
212467
212468
212469
212470
212471
212472
212473
212474
212475
212476
212477
212478
212479
212480
212481
212482
212483
212484
212485
212486
212487
212488
212489
212490
212491
212492
212493
212494
212495
212496
212497
212498
212499
212500
212501
212502
212503
212504
212505
212506
212507
212508
212509
212510
212512
212513
212514
212515
212517
212518
212519
212520
212521
212522
212523
212524
212525
212526
212527
212528
212529
212530
212531
212532
212533
212534
212535
212536
212537
212538
212539
212540
212541
212542
212543
212544
212545
212546
212547
212548
212549
212550
212551
212552
212553
212554
212555
212556
212557
212558
212559
212560
212561
212562
212563
212564
212565
212566
212567
212568
212569
212570
212571
212572
212573
212574
212575
212576
212577
212578
212579
212580
212581
212582
212583
212584
212585
212586
212587
212588
212589
212590
212591
212592
212593
212594
212595
212596
212597
212598
212599
212600
212601
212602
212603
212604
212605
212606
212607
212608
212609
212610
212612
212613
212614
212615
212616
212617
212618
212619
212620
212621
212622
212623
212624
212625
212626
212627
212628
212629
212630
212631
212632
212633
212634
212635
212636
212637
212638
212639
212640
212641
212642
212643
212644
212645
212646
212647
212648
212649
212650
212651
212652
212653
212654
212655
212656
212657
212658
212659
212660
212661
212662
212663
212664
212665
212666
212667
212668
212669
212670
212671
212672
212673
212674
212675
212676
212677
212678
212679
212680
212681
212682
212683
212684
212685
212686
212687
212688
212689
212690
212691
212692
212693
212694
212695
212696
212697
212698
212699
212701
212702
212703
212704
212705
212706
212707
212708
212709
212710
212712
212713
212714
212715
212716
212717
212719
212720
212721
212722
212723
212724
212725
212726
212727
212728
212729
212730
212731
212732
212733
212734
212735
212736
212737
212738
212739
212740
212741
212742
212743
212744
212745
212746
212747
212748
212749
212750
212751
212752
212753
212754
212755
212756
212757
212758
212759
212760
212761
212762
212763
212764
212765
212766
212767
212768
212769
212770
212771
212772
212773
212774
212775
212776
212777
212778
212779
212780
212781
212782
212783
212784
212785
212786
212787
212788
212789
212790
212791
212792
212793
212794
212795
212796
212797
212798
212799
212801
212802
212803
212804
212805
212806
212807
212808
212809
212810
212811
212812
212813
212814
212815
212816
212817
212818
212819
212820
212821
212822
212823
212824
212825
212826
212827
212828
212829
212830
212831
212832
212833
212834
212835
212836
212837
212838
212839
212840
212841
212842
212843
212844
212845
212846
212847
212848
212849
212850
212851
212852
212853
212854
212855
212856
212857
212858
212859
212860
212861
212862
212863
212864
212865
212866
212867
212868
212869
212870
212871
212872
212873
212874
212875
212876
212877
212878
212879
212880
212881
212882
212883
212884
212885
212886
212887
212888
212889
212890
212891
212892
212893
212894
212895
212896
212897
212898
212899
212901
212902
212903
212904
212905
212906
212907
212908
212909
212910
212912
212913
212915
212916
212918
212919
212920
212921
212922
212923
212924
212925
212926
212927
212928
212929
212930
212931
212932
212933
212934
212935
212936
212937
212938
212939
212940
212941
212942
212943
212944
212945
212946
212947
212948
212949
212951
212952
212953
212954
212955
212956
212957
212960
212961
212962
212963
212964
212965
212966
212967
212968
212969
212970
212971
212972
212973
212974
212975
212976
212977
212978
212979
212980
212981
212982
212983
212984
212985
212986
212987
212988
212989
212990
212991
212992
212993
212994
212995
212996
212997
212998
213200
213201
213202
213203
213204
213205
213206
213207
213208
213209
213210
213212
213213
213214
213215
213216
213217
213218
213219
213220
213221
213222
213223
213224
213225
213226
213227
213228
213229
213230
213231
213232
213233
213234
213235
213236
213237
213238
213239
213240
213241
213242
213243
213244
213245
213246
213247
213248
213249
213250
213251
213252
213253
213254
213255
213256
213257
213258
213259
213260
213261
213262
213263
213264
213265
213266
213267
213268
213269
213270
213271
213272
213273
213274
213275
213276
213277
213278
213279
213280
213281
213282
213283
213284
213285
213286
213287
213288
213289
213290
213291
213292
213293
213294
213295
213296
213297
213298
213299
213300
213301
213302
213303
213304
213305
213306
213307
213308
213309
213310
213312
213313
213314
213315
213316
213317
213318
213319
213320
213321
213322
213324
213325
213326
213327
213328
213329
213330
213331
213332
213333
213334
213335
213336
213337
213338
213339
213340
213341
213342
213343
213344
213345
213346
213347
213348
213349
213350
213351
213352
213353
213354
213355
213356
213357
213358
213359
213360
213361
213362
213363
213364
213365
213366
213367
213368
213369
213370
213371
213372
213373
213374
213375
213376
213377
213378
213379
213380
213381
213382
213383
213384
213385
213386
213387
213388
213389
213390
213391
213392
213393
213394
213395
213396
213397
213398
213399
213400
213401
213402
213403
213404
213405
213406
213407
213408
213409
213410
213412
213413
213414
213415
213416
213417
213418
213419
213420
213421
213422
213423
213424
213425
213426
213427
213428
213429
213430
213431
213432
213433
213434
213435
213436
213437
213438
213439
213440
213441
213442
213443
213444
213445
213446
213447
213448
213449
213450
213451
213452
213453
213454
213455
213456
213457
213458
213459
213460
213461
213462
213463
213464
213465
213466
213467
213468
213469
213470
213471
213472
213473
213474
213475
213476
213477
213478
213479
213480
213481
213482
213483
213484
213485
213486
213487
213488
213489
213490
213491
213492
213493
213494
213495
213496
213498
213499
213500
213501
213503
213504
213505
213506
213507
213508
213509
213510
213512
213513
213514
213515
213516
213517
213518
213519
213521
213522
213523
213524
213525
213526
213527
213528
213529
213530
213531
213532
213533
213534
213535
213536
213537
213538
213539
213540
213541
213542
213543
213544
213545
213546
213547
213548
213549
213550
213553
213555
213559
213560
213566
213567
213568
213570
213572
213576
213577
213579
213580
213587
213588
213590
213591
213593
213595
213596
213598
213599
213600
213603
213604
213605
213607
213608
213610
213612
213613
213614
213615
213616
213617
213618
213620
213621
213622
213623
213624
213625
213626
213627
213628
213629
213630
213631
213632
213633
213634
213637
213639
213640
213644
213652
213655
213660
213663
213666
213667
213670
213673
213674
213675
213677
213678
213680
213683
213687
213688
213689
213690
213693
213694
213698
213699
213700
213701
213702
213703
213704
213705
213706
213707
213708
213709
213710
213712
213713
213716
213717
213718
213722
213723
213724
213725
213730
213731
213732
213733
213736
213738
213739
213740
213741
213742
213743
213744
213745
213746
213747
213748
213749
213750
213755
213758
213760
213761
213763
213764
213765
213766
213769
213770
213772
213776
213777
213780
213784
213785
213786
213787
213788
213789
213790
213792
213793
213797
213798
213799
213800
213802
213804
213805
213806
213807
213808
213810
213812
213813
213814
213816
213817
213819
213820
213821
213822
213823
213825
213828
213830
213833
213835
213839
213840
213841
213842
213844
213847
213850
213855
213858
213861
213863
213864
213866
213867
213873
213877
213878
213880
213884
213888
213891
213892
213893
213894
213895
213896
213897
213899
213900
213901
213905
213908
213909
213910
213915
213918
213919
213921
213922
213923
213924
213925
213926
213927
213928
213929
213932
213933
213935
213943
213944
213946
213947
213948
213949
213952
213955
213961
213963
213966
213968
213972
213973
213974
213975
213976
213977
213978
213984
213985
213986
213988
213989
213990
213991
213992
213995
213996
214200
214201
214202
214203
214204
214205
214206
214207
214208
214209
214210
214212
214213
214214
214215
214216
214217
214218
214219
214220
214221
214222
214223
214224
214225
214226
214227
214228
214229
214230
214231
214232
214233
214234
214235
214236
214237
214238
214239
214240
214241
214242
214243
214244
214245
214246
214247
214248
214249
214250
214251
214252
214253
214254
214255
214256
214257
214258
214259
214260
214261
214262
214263
214264
214265
214266
214267
214268
214269
214270
214271
214272
214273
214274
214275
214276
214277
214278
214279
214280
214281
214282
214283
214284
214285
214286
214287
214288
214289
214290
214291
214292
214293
214294
214295
214296
214297
214298
214299
214300
214301
214302
214303
214304
214305
214306
214307
214308
214309
214310
214312
214313
214314
214315
214316
214317
214318
214319
214320
214321
214322
214323
214324
214325
214326
214327
214328
214329
214330
214331
214332
214333
214334
214335
214336
214337
214338
214339
214340
214341
214342
214343
214344
214345
214346
214347
214348
214349
214350
214351
214352
214353
214354
214355
214356
214357
214358
214359
214360
214361
214362
214363
214364
214365
214366
214367
214368
214369
214370
214371
214372
214373
214374
214375
214376
214377
214378
214379
214380
214381
214382
214383
214384
214385
214386
214387
214388
214389
214390
214391
214392
214393
214394
214395
214396
214397
214398
214399
214400
214401
214402
214403
214404
214405
214406
214407
214408
214409
214410
214412
214413
214414
214415
214416
214417
214418
214419
214420
214421
214422
214423
214424
214425
214426
214427
214428
214429
214430
214431
214432
214433
214434
214435
214436
214437
214438
214439
214440
214441
214442
214443
214444
214445
214446
214447
214448
214449
214450
214451
214452
214453
214454
214455
214456
214457
214458
214459
214460
214461
214462
214463
214464
214465
214466
214467
214468
214469
214470
214471
214472
214473
214474
214475
214476
214477
214478
214479
214480
214481
214482
214483
214484
214485
214486
214487
214488
214489
214490
214491
214492
214493
214494
214495
214496
214497
214498
214499
214500
214501
214502
214503
214504
214505
214506
214507
214508
214509
214510
214512
214513
214514
214515
214516
214517
214518
214519
214520
214521
214522
214523
214524
214525
214526
214527
214528
214529
214530
214531
214532
214533
214534
214535
214536
214537
214538
214539
214540
214541
214542
214543
214544
214545
214546
214547
214548
214549
214550
214551
214552
214553
214554
214555
214556
214557
214558
214559
214560
214561
214562
214563
214564
214565
214566
214567
214568
214569
214570
214571
214572
214573
214574
214575
214576
214577
214578
214579
214580
214581
214582
214583
214584
214585
214586
214587
214588
214589
214590
214591
214592
214593
214594
214595
214596
214597
214598
214599
214600
214601
214602
214603
214604
214605
214606
214607
214608
214609
214610
214612
214613
214614
214615
214616
214617
214618
214619
214620
214621
214622
214623
214624
214625
214626
214627
214628
214629
214630
214631
214632
214633
214634
214635
214636
214637
214638
214639
214640
214641
214642
214643
214644
214645
214646
214647
214648
214649
214650
214651
214652
214653
214654
214655
214656
214657
214658
214659
214660
214661
214662
214663
214664
214665
214666
214667
214668
214669
214670
214671
214672
214673
214674
214675
214676
214677
214678
214679
214680
214681
214682
214683
214684
214685
214686
214687
214688
214689
214690
214691
214692
214693
214694
214695
214696
214697
214698
214699
214701
214702
214703
214704
214705
214706
214707
214708
214709
214710
214712
214713
214714
214715
214716
214717
214718
214719
214720
214721
214722
214723
214724
214725
214726
214727
214728
214729
214730
214731
214732
214733
214734
214735
214736
214737
214738
214739
214740
214741
214742
214743
214744
214745
214746
214747
214748
214749
214750
214751
214752
214753
214754
214755
214756
214757
214758
214759
214760
214761
214762
214763
214764
214765
214766
214767
214768
214769
214770
214771
214772
214773
214774
214775
214776
214777
214778
214779
214780
214781
214782
214783
214784
214785
214786
214787
214788
214789
214790
214791
214792
214793
214794
214795
214796
214797
214798
214799
214800
214801
214802
214803
214804
214805
214806
214807
214808
214809
214810
214812
214813
214814
214815
214816
214817
214818
214819
214820
214821
214822
214823
214824
214825
214826
214827
214828
214829
214830
214831
214832
214833
214834
214835
214836
214837
214838
214839
214840
214841
214842
214843
214844
214845
214846
214847
214848
214849
214850
214851
214852
214853
214854
214855
214856
214857
214858
214859
214860
214861
214862
214863
214864
214865
214866
214867
214868
214869
214870
214871
214872
214873
214874
214875
214876
214877
214878
214879
214880
214881
214882
214883
214884
214885
214886
214887
214888
214889
214890
214891
214892
214893
214894
214895
214896
214897
214898
214899
214900
214901
214902
214903
214904
214905
214906
214907
214908
214909
214910
214912
214913
214914
214915
214916
214917
214918
214919
214920
214921
214922
214923
214924
214925
214926
214927
214928
214929
214930
214931
214932
214933
214934
214935
214936
214937
214938
214939
214940
214941
214942
214943
214944
214945
214946
214947
214948
214949
214951
214952
214953
214954
214955
214956
214957
214960
214961
214962
214963
214964
214965
214966
214967
214968
214969
214970
214971
214972
214973
214974
214975
214976
214977
214978
214979
214980
214981
214982
214983
214984
214985
214986
214987
214988
214989
214990
214991
214992
214993
214994
214995
214996
214997
214998
215200
215201
215202
215203
215204
215205
215206
215207
215208
215209
215210
215212
215213
215214
215216
215217
215218
215219
215220
215221
215222
215223
215224
215225
215226
215227
215228
215229
215230
215231
215232
215233
215234
215235
215236
215237
215238
215239
215240
215241
215242
215243
215244
215245
215246
215247
215248
215249
215250
215251
215252
215253
215254
215255
215256
215257
215258
215259
215260
215261
215262
215263
215264
215265
215266
215268
215269
215270
215271
215272
215273
215274
215275
215276
215277
215278
215279
215280
215281
215282
215283
215284
215285
215286
215287
215288
215289
215290
215291
215292
215293
215294
215295
215296
215297
215298
215299
215300
215301
215302
215303
215304
215305
215306
215307
215308
215309
215310
215312
215313
215314
215315
215316
215317
215318
215319
215320
215321
215322
215323
215324
215325
215326
215327
215328
215329
215330
215331
215332
215333
215334
215335
215336
215337
215338
215339
215340
215341
215342
215343
215344
215345
215346
215347
215348
215349
215350
215351
215352
215353
215354
215355
215356
215357
215358
215359
215360
215361
215362
215363
215364
215365
215366
215367
215368
215369
215370
215371
215372
215373
215374
215375
215376
215377
215378
215379
215380
215381
215382
215383
215384
215385
215386
215387
215388
215389
215390
215391
215392
215393
215394
215395
215396
215397
215398
215399
215400
215401
215402
215403
215404
215405
215406
215407
215408
215409
215410
215412
215413
215414
215415
215416
215417
215418
215419
215420
215421
215422
215423
215424
215425
215426
215427
215428
215429
215430
215431
215432
215433
215434
215435
215436
215437
215438
215439
215440
215441
215442
215443
215444
215446
215447
215448
215449
215450
215451
215452
215453
215454
215455
215456
215457
215458
215459
215460
215461
215462
215463
215464
215465
215466
215467
215468
215469
215470
215471
215472
215473
215474
215475
215476
215477
215478
215479
215480
215481
215482
215483
215485
215486
215487
215488
215489
215490
215491
215492
215493
215494
215495
215496
215497
215498
215499
215500
215501
215502
215503
215504
215505
215506
215507
215508
215509
215510
215512
215513
215514
215515
215516
215517
215518
215519
215520
215521
215522
215523
215524
215525
215526
215527
215528
215529
215530
215531
215532
215533
215534
215535
215536
215537
215538
215539
215540
215541
215542
215543
215544
215545
215546
215547
215548
215549
215550
215551
215552
215553
215554
215555
215557
215558
215559
215560
215561
215562
215563
215564
215565
215566
215567
215568
215569
215570
215571
215572
215573
215574
215575
215576
215577
215578
215579
215580
215581
215582
215583
215584
215585
215586
215587
215588
215589
215590
215591
215592
215593
215594
215595
215596
215597
215598
215599
215600
215601
215602
215603
215604
215605
215606
215607
215608
215609
215612
215613
215614
215615
215616
215617
215618
215619
215620
215621
215622
215623
215624
215625
215626
215627
215628
215629
215630
215631
215632
215633
215634
215635
215636
215637
215638
215639
215640
215641
215642
215643
215644
215645
215646
215647
215648
215649
215650
215651
215652
215653
215654
215655
215656
215657
215658
215659
215660
215661
215662
215663
215664
215665
215666
215667
215668
215669
215670
215671
215672
215673
215674
215675
215676
215677
215678
215679
215680
215681
215682
215683
215684
215685
215686
215687
215688
215689
215690
215691
215692
215693
215694
215695
215696
215697
215698
215699
215701
215702
215703
215704
215705
215706
215707
215708
215709
215710
215712
215713
215714
215715
215716
215717
215718
215719
215720
215721
215722
215723
215724
215725
215726
215727
215728
215729
215730
215731
215732
215733
215734
215735
215736
215737
215738
215739
215740
215741
215742
215743
215744
215745
215746
215747
215748
215749
215750
215751
215752
215753
215754
215755
215756
215757
215758
215759
215760
215761
215762
215763
215764
215765
215766
215767
215768
215769
215770
215771
215772
215773
215774
215775
215776
215777
215778
215779
215780
215781
215782
215783
215784
215785
215786
215787
215788
215789
215790
215791
215792
215793
215794
215795
215796
215797
215798
215799
215800
215801
215802
215803
215804
215805
215806
215807
215808
215809
215810
215812
215813
215814
215815
215816
215817
215818
215819
215820
215821
215822
215823
215824
215825
215826
215827
215828
215829
215830
215831
215832
215833
215834
215836
215837
215838
215839
215840
215841
215842
215843
215844
215845
215846
215847
215848
215849
215850
215851
215852
215853
215854
215855
215856
215857
215858
215859
215860
215861
215862
215863
215864
215865
215866
215867
215868
215869
215870
215871
215872
215873
215874
215875
215876
215877
215878
215879
215880
215881
215882
215883
215884
215885
215886
215887
215888
215889
215890
215891
215892
215893
215894
215895
215896
215897
215898
215899
215900
215901
215902
215903
215904
215905
215906
215907
215908
215909
215910
215912
215913
215914
215915
215916
215917
215918
215919
215920
215921
215922
215923
215924
215925
215926
215927
215928
215929
215930
215931
215932
215933
215934
215935
215936
215937
215938
215939
215940
215941
215942
215943
215944
215945
215946
215947
215948
215949
215951
215952
215953
215954
215955
215956
215957
215960
215961
215962
215963
215964
215965
215966
215967
215968
215969
215970
215971
215972
215973
215974
215975
215976
215977
215978
215979
215980
215981
215982
215983
215984
215985
215986
215987
215988
215989
215990
215991
215992
215993
215994
215995
215996
215997
215998
216200
216201
216202
216203
216204
216205
216206
216207
216208
216209
216210
216212
216213
216214
216215
216217
216218
216219
216220
216221
216222
216223
216224
216225
216226
216227
216228
216229
216230
216231
216232
216233
216235
216236
216237
216238
216239
216240
216241
216242
216243
216244
216245
216246
216249
216250
216251
216252
216253
216254
216255
216256
216257
216258
216259
216260
216261
216262
216263
216264
216265
216266
216267
216268
216269
216270
216271
216272
216273
216274
216275
216276
216277
216278
216279
216280
216281
216282
216283
216284
216285
216286
216287
216288
216289
216290
216291
216292
216293
216294
216295
216296
216297
216298
216299
216301
216302
216303
216304
216305
216306
216307
216308
216309
216310
216312
216313
216314
216315
216316
216317
216318
216319
216320
216321
216322
216323
216324
216325
216326
216327
216328
216329
216331
216332
216333
216334
216335
216336
216337
216338
216339
216340
216341
216342
216343
216344
216345
216346
216347
216348
216350
216351
216352
216353
216355
216356
216357
216358
216359
216360
216361
216362
216363
216364
216365
216367
216368
216369
216370
216371
216372
216373
216374
216375
216376
216377
216378
216379
216381
216382
216383
216385
216386
216387
216388
216389
216390
216391
216392
216393
216394
216395
216396
216397
216398
216399
216400
216401
216402
216403
216404
216406
216407
216408
216409
216410
216413
216414
216415
216416
216417
216420
216421
216422
216426
216429
216430
216431
216432
216433
216436
216437
216438
216440
216441
216442
216443
216444
216445
216446
216447
216448
216450
216451
216452
216453
216454
216455
216456
216458
216459
216462
216464
216465
216466
216468
216469
216470
216471
216472
216475
216476
216478
216479
216481
216482
216483
216485
216486
216487
216488
216491
216496
216501
216502
216503
216504
216505
216506
216507
216508
216509
216510
216512
216513
216514
216515
216517
216518
216520
216521
216522
216523
216524
216525
216526
216527
216529
216531
216532
216533
216534
216535
216536
216538
216539
216540
216541
216543
216544
216545
216548
216549
216551
216552
216553
216554
216555
216556
216557
216559
216561
216562
216563
216566
216568
216570
216571
216573
216574
216575
216577
216578
216579
216581
216583
216584
216586
216587
216588
216589
216590
216591
216592
216593
216595
216596
216597
216598
216600
216601
216606
216608
216609
216612
216615
216616
216617
216618
216619
216621
216622
216623
216624
216625
216626
216630
216631
216632
216633
216634
216635
216636
216640
216641
216642
216643
216644
216645
216647
216648
216649
216650
216651
216654
216658
216659
216661
216662
216663
216664
216666
216670
216671
216672
216673
216674
216675
216676
216677
216678
216681
216682
216685
216687
216688
216689
216690
216691
216692
216694
216695
216696
216698
216699
216701
216702
216703
216704
216705
216706
216707
216710
216712
216713
216714
216716
216721
216727
216728
216731
216732
216736
216737
216738
216739
216741
216744
216749
216750
216751
216752
216754
216755
216757
216758
216759
216760
216761
216762
216763
216765
216766
216767
216768
216769
216771
216772
216773
216774
216776
216777
216778
216780
216781
216785
216787
216789
216790
216791
216795
216797
216798
216799
216800
216801
216802
216803
216804
216806
216807
216808
216810
216812
216813
216815
216816
216817
216818
216819
216820
216822
216823
216825
216828
216829
216830
216831
216832
216834
216835
216838
216839
216840
216844
216848
216849
216850
216851
216854
216855
216856
216857
216858
216859
216860
216861
216862
216865
216867
216868
216870
216875
216877
216880
216881
216882
216883
216889
216890
216894
216896
216898
216899
216901
216902
216903
216904
216905
216906
216910
216912
216916
216920
216921
216923
216924
216925
216926
216927
216928
216929
216930
216931
216932
216937
216938
216939
216941
216946
216948
216952
216954
216956
216957
216961
216965
216966
216970
216971
216972
216973
216976
216977
216978
216982
216983
216986
216987
216990
216991
216998
217200
217201
217202
217203
217204
217205
217206
217207
217208
217209
217210
217212
217213
217214
217215
217216
217218
217219
217220
217221
217222
217223
217224
217225
217226
217227
217228
217229
217230
217231
217232
217233
217234
217235
217236
217237
217238
217239
217240
217241
217242
217243
217244
217245
217246
217247
217248
217249
217250
217251
217252
217253
217254
217255
217256
217257
217258
217259
217260
217261
217262
217263
217264
217265
217266
217267
217268
217269
217270
217271
217272
217273
217274
217275
217276
217277
217278
217279
217280
217281
217282
217283
217284
217285
217286
217287
217288
217289
217290
217291
217292
217293
217294
217295
217296
217297
217298
217299
217300
217301
217302
217303
217304
217305
217306
217307
217308
217309
217310
217312
217313
217314
217315
217316
217317
217318
217319
217320
217321
217322
217323
217324
217325
217326
217327
217328
217329
217330
217331
217332
217333
217334
217335
217336
217337
217338
217339
217340
217341
217342
217343
217344
217345
217346
217347
217348
217349
217350
217351
217352
217353
217354
217355
217356
217357
217358
217359
217360
217361
217362
217363
217364
217365
217366
217367
217368
217369
217370
217371
217372
217373
217374
217375
217376
217377
217378
217379
217380
217381
217382
217383
217384
217385
217386
217387
217388
217389
217390
217391
217392
217393
217394
217395
217396
217397
217398
217399
217400
217401
217402
217403
217404
217405
217406
217407
217408
217409
217410
217412
217413
217414
217415
217416
217417
217418
217419
217420
217421
217422
217423
217424
217425
217426
217427
217428
217429
217430
217431
217432
217433
217434
217435
217436
217437
217438
217439
217440
217441
217442
217443
217444
217445
217446
217447
217448
217449
217450
217451
217452
217453
217454
217455
217456
217457
217458
217459
217460
217461
217462
217463
217464
217465
217466
217467
217468
217469
217470
217471
217472
217473
217474
217475
217476
217477
217478
217479
217480
217481
217482
217483
217484
217485
217486
217487
217488
217489
217490
217491
217492
217493
217494
217495
217496
217497
217498
217499
217500
217501
217502
217503
217504
217505
217506
217507
217508
217509
217510
217512
217513
217514
217515
217516
217517
217518
217519
217520
217521
217522
217523
217524
217525
217526
217527
217528
217529
217530
217531
217532
217533
217534
217535
217536
217537
217538
217539
217540
217541
217542
217543
217544
217545
217546
217547
217548
217549
217550
217551
217552
217553
217554
217555
217556
217557
217558
217559
217560
217561
217562
217563
217564
217565
217566
217567
217568
217569
217570
217571
217572
217573
217574
217575
217576
217577
217578
217579
217580
217581
217582
217583
217584
217585
217586
217587
217588
217589
217590
217591
217592
217593
217594
217595
217596
217597
217598
217599
217600
217601
217602
217603
217604
217605
217606
217607
217608
217609
217610
217612
217613
217614
217615
217616
217617
217618
217619
217620
217621
217622
217623
217624
217625
217626
217627
217628
217629
217630
217631
217632
217633
217634
217635
217636
217637
217638
217639
217640
217641
217642
217643
217644
217645
217646
217647
217648
217649
217650
217651
217652
217653
217654
217655
217656
217657
217658
217659
217660
217661
217662
217663
217664
217665
217666
217667
217668
217669
217670
217671
217672
217673
217674
217675
217676
217677
217678
217679
217680
217681
217682
217683
217684
217685
217686
217687
217688
217689
217690
217691
217692
217693
217694
217695
217696
217697
217698
217699
217701
217702
217703
217704
217705
217706
217707
217708
217709
217710
217712
217713
217714
217715
217716
217717
217718
217719
217720
217721
217722
217723
217724
217725
217726
217727
217728
217729
217730
217731
217732
217733
217734
217735
217736
217737
217738
217739
217740
217741
217742
217743
217744
217745
217746
217747
217748
217749
217750
217751
217752
217753
217754
217755
217756
217757
217758
217759
217760
217761
217762
217763
217764
217765
217766
217767
217768
217769
217770
217771
217772
217773
217774
217775
217776
217777
217778
217779
217780
217781
217782
217783
217784
217785
217786
217787
217788
217789
217790
217791
217792
217793
217794
217795
217796
217797
217798
217799
217800
217801
217802
217803
217804
217805
217806
217807
217808
217809
217810
217812
217813
217814
217815
217816
217817
217818
217819
217820
217821
217822
217823
217824
217825
217826
217827
217828
217829
217830
217831
217832
217833
217834
217835
217836
217837
217838
217839
217840
217841
217842
217843
217844
217845
217846
217847
217848
217849
217850
217851
217852
217853
217854
217855
217856
217857
217858
217859
217860
217861
217862
217863
217864
217865
217866
217867
217868
217869
217870
217871
217872
217873
217874
217875
217876
217877
217878
217879
217880
217881
217882
217883
217884
217885
217886
217887
217888
217889
217890
217891
217892
217893
217894
217895
217896
217897
217898
217899
217900
217901
217902
217903
217904
217905
217906
217907
217908
217909
217910
217912
217913
217914
217915
217916
217917
217918
217919
217920
217921
217922
217923
217924
217925
217926
217927
217928
217929
217930
217931
217932
217933
217934
217935
217936
217937
217938
217939
217940
217941
217942
217943
217944
217945
217946
217947
217948
217949
217951
217952
217953
217954
217955
217956
217957
217958
217960
217961
217962
217963
217964
217965
217966
217967
217968
217969
217970
217971
217972
217974
217975
217977
217978
217979
217980
217981
217982
217983
217984
217985
217986
217987
217989
217991
217992
217993
217994
217995
217996
217997
217998
218200
218201
218202
218203
218204
218205
218206
218207
218208
218209
218210
218212
218213
218214
218215
218216
218217
218219
218220
218221
218222
218223
218224
218225
218226
218227
218228
218229
218230
218231
218232
218233
218234
218235
218236
218237
218238
218239
218240
218241
218242
218243
218244
218245
218246
218247
218248
218249
218250
218251
218252
218253
218254
218255
218256
218257
218258
218259
218260
218261
218262
218263
218264
218265
218266
218267
218268
218269
218270
218271
218272
218273
218274
218275
218276
218277
218278
218279
218280
218281
218282
218283
218284
218285
218286
218287
218288
218289
218290
218291
218292
218293
218294
218295
218296
218297
218298
218299
218300
218301
218302
218303
218304
218305
218306
218307
218308
218309
218310
218312
218313
218314
218315
218316
218317
218318
218319
218321
218322
218323
218324
218325
218326
218327
218328
218329
218330
218331
218332
218333
218334
218335
218336
218337
218338
218339
218340
218341
218342
218343
218344
218345
218346
218347
218348
218349
218350
218351
218352
218353
218354
