219857
240287
270197
303777
315644
327711
345623
386438
415430
440408
470944
503012
508881
512557
512558
512675
524794
542750
558673
578603
605543
622461
649414
900244
912905
925143
925144
925145
925146
925147
925148
925149
726903
726904
726905
726906
726907
726908
726909
925166
925167
925168
925169
925170
925171
925172
726926
726927
726928
726929
726930
726931
726932
928162
730936
928162
732145
732316
929372
929367
948334
952761
771597
952836
952837
952838
952839
952840
952841
952842
952843
952844
952845
771598
771599
771600
771601
771602
771603
771604
771605
771606
771607
954385
954345
954346
772189
772190
772188
772189
835669
